23648.237320
1513.311213
6800.138214
872.178985
941.626894
1392.955805
1636.942861
720.968373
1018.177164
715.574112
1226.638337
794.627035
869.632092
675.345819
650.390627
711.213509
694.405237
676.653802
610.016431
608.988997
554.841168
521.538706
461.733045
442.702591
447.742128
464.077243
451.499192
463.579036
458.153635
499.083749
455.727543
465.847773
469.607971
468.998323
457.248356
449.523161
469.048545
454.659692
455.848987
429.160714
456.058193
425.205993
414.416932
432.580971
428.658348
426.989341
433.120340
435.468762
404.649721
427.065723
438.327809
422.221440
429.680503
435.089710
460.710446
430.882663
393.675232
420.287373
396.208299
442.668258
443.527164
424.809136
434.661241
402.434574
391.158247
403.797555
426.369660
391.390128
423.743658
401.462756
403.062357
412.609634
430.000700
402.114992
436.701220
410.279308
431.118759
427.298433
445.927047
432.306784
427.436581
445.756098
425.061284
454.784383
436.609178
426.110429
436.098145
459.336715
450.627422
457.264384
453.973058
432.660237
452.001473
440.677042
453.834661
443.746798
443.913351
449.063935
463.877701
449.528237
Testing perplexity 436.056144
