The first line has the entropy values when the bit is set to 0 while the previous bits are taken to be the decoded values till then 
The second line has the entropy values when the bit is set to 1 while the previous bits are taken to be the decoded values till then
The third line has the decoded sequence using greedy strategy on entropy values
The fourth line contains the cost using greedily decoded sequence.
The fifth line has the entropy values for oracle segmentation sequence
The sixth line 
5.5 5.3 6.1 4.7 5.9 3.6 5.3 5.0 5.0 4.3 3.9 6.0 4.6 4.3 3.0 4.8 4.0 3.5 5.5 5.2 5.0 7.1 5.3 4.5 5.3 4.9 3.9 5.1 5.1 5.1 4.3 5.6 
9.3 8.7 7.5 6.3 7.0 6.4 7.2 6.0 7.3 5.0 5.1 7.2 5.6 6.1 4.6 5.3 4.5 4.0 4.6 5.7 6.1 7.6 6.3 6.8 7.0 6.4 5.6 6.6 6.7 5.8 5.8 6.1 
0   0   0   0   0   0   0   0   0   0   0   0   0   0   0   0   0   0   1   0   0   0   0   0   0   0   0   0   0   0   0   0   
5.5 5.3 6.1 4.7 5.9 3.6 5.3 5.0 5.0 5.0 3.6 5.3 5.2 4.4 3.4 4.7 4.0 3.7 5.8 5.3 4.5 7.8 5.1 4.5 5.2 4.9 4.0 5.1 5.2 5.1 5.7 4.4 
0   0   0   0   0   0   0   0   0   1   1   0   0   0   0   0   0   0   0   0   0   0   0   0   0   0   0   0   0   0   1   0   
呃 十一号 十月 哦 我 跟 你 讲 一个 东西 but 不 可以 讲 出去 </s> ah final saturday </s> 八十六 加 </s> 没有 没有 八 八十 没有 算 </s> 因为 top 


7.7 5.4 6.4 4.7 2.9 4.5 2.1 5.0 3.1 4.8 3.6 4.3 5.1 5.6 5.3 4.6 5.3 5.7 4.8 4.9 4.0 4.6 3.8 4.4 5.0 4.3 5.2 4.9 5.9 4.8 4.7 4.6 
9.2 6.7 6.9 6.6 4.3 5.0 5.2 5.2 5.0 5.4 5.3 4.7 5.2 5.7 6.2 6.1 6.6 7.2 6.8 6.8 4.7 5.2 4.9 5.2 5.9 6.1 6.6 5.9 7.4 6.8 7.0 4.0 
0   0   0   0   0   0   0   0   0   0   0   0   0   0   0   0   0   0   0   0   0   0   0   0   0   0   0   0   0   0   0   1   
7.7 6.7 4.5 4.6 3.5 4.5 2.6 5.2 3.1 5.8 2.5 4.6 5.2 5.7 5.3 4.6 5.2 5.5 4.7 4.9 4.0 4.7 3.8 4.6 5.0 4.3 5.2 4.9 6.0 4.9 4.7 4.6 
0   1   1   0   0   0   0   0   0   1   0   0   0   0   0   0   0   0   0   0   0   0   0   0   0   0   0   0   0   0   0   0   
他们 都 totally 不 讲话 </s> yes </s> 对 就 i think like </s> 你 懂 他 会 怎样 去 分钱 </s> 啊 </s> 就 因为 她 在 家里 自己 吃 她 


7.7 7.0 5.8 5.2 3.6 5.5 7.3 3.4 4.3 4.7 5.5 3.5 5.8 3.1 5.1 1.5 4.1 4.9 5.5 1.4 4.4 4.7 5.0 5.7 5.4 2.1 1.7 3.3 5.1 4.9 3.6 4.8 
9.2 8.6 7.6 5.7 5.0 5.7 6.6 5.8 5.1 7.5 7.4 4.5 7.8 5.6 7.2 3.4 6.8 6.3 6.9 3.8 5.0 6.5 8.1 6.7 7.6 5.2 4.6 4.0 5.7 4.1 5.3 6.6 
0   0   0   0   0   0   1   0   0   0   0   0   0   0   0   0   0   0   0   0   0   0   0   0   0   0   0   0   0   1   0   0   
7.7 7.0 5.8 5.2 3.6 5.5 7.3 4.3 3.9 4.8 4.5 3.8 5.7 3.0 5.2 1.4 4.0 4.8 5.7 1.4 4.4 4.7 4.9 5.7 5.4 5.3 1.4 3.9 5.2 4.0 3.5 4.8 
0   0   0   0   0   0   0   1   0   0   0   0   0   0   0   0   0   0   0   0   0   0   0   0   0   1   1   0   0   1   0   0   
他 很 难 </s> talk to the girl 而且 那个 女的 也 没有 给 我 感觉 看 得 很 顺眼 她 就是 那种 </s> 很 奇怪 style 对 </s> then 后来 他 


7.6 6.3 1.8 5.3 5.2 3.3 4.8 4.6 3.9 6.0 5.4 3.3 5.5 1.6 4.8 3.4 3.8 4.0 2.2 5.4 4.7 3.8 1.7 5.5 4.9 2.8 4.4 5.2 5.0 4.3 5.5 4.5 
9.0 7.9 5.8 7.2 5.2 4.3 5.5 4.3 4.6 7.2 6.2 6.7 6.7 5.7 6.7 6.0 5.3 4.3 4.4 7.2 6.5 5.4 4.5 6.7 5.3 5.3 4.9 6.8 5.9 7.0 7.0 5.4 
0   0   0   0   0   0   0   1   0   0   0   0   0   0   0   0   0   0   0   0   0   0   0   0   0   0   0   0   0   0   0   0   
7.6 6.3 1.8 5.3 5.2 3.3 4.8 4.6 3.6 5.2 5.3 3.4 5.4 1.6 4.8 6.2 3.8 4.4 4.2 4.8 4.5 3.6 1.0 5.5 4.9 2.6 4.5 5.3 5.1 4.2 5.6 4.5 
0   0   0   0   0   0   0   0   1   0   0   0   0   0   0   1   0   0   1   0   0   0   0   0   0   0   0   0   0   0   0   0   
就 是 咩 我 就 哦 </s> then but 你 可以 给 我 另外 三架 的 i p adress 我 弄 不见 了 他 就 哦 </s> 他 就 开 他 电脑 


7.4 6.8 6.7 5.5 4.8 5.2 5.0 4.8 5.7 4.6 4.6 7.3 3.5 1.0 4.6 3.8 5.0 4.7 5.6 4.2 4.5 5.1 4.4 4.2 5.1 5.6 4.7 5.3 5.5 4.6 2.9 6.3 
9.2 7.4 7.7 6.1 7.1 7.1 6.5 6.6 7.3 6.5 6.1 7.7 7.4 4.9 6.1 7.0 6.4 6.5 6.6 5.8 4.0 8.0 4.9 7.1 6.7 7.4 6.9 6.3 7.4 7.0 5.3 7.6 
0   0   0   0   0   0   0   0   0   0   0   0   0   0   0   0   0   0   0   0   1   0   0   0   0   0   0   0   0   0   0   0   
7.4 6.8 6.7 5.5 4.8 5.2 5.0 4.8 5.7 4.6 6.1 6.6 4.4 1.4 4.9 2.8 5.1 4.8 5.6 5.5 1.5 3.5 4.8 4.2 5.1 5.6 4.5 5.2 5.7 4.6 3.1 6.4 
0   0   0   0   0   0   0   0   0   0   1   1   0   0   0   0   0   0   0   1   1   0   0   0   0   0   0   0   0   0   0   0   
down </s> 废话 </s> 啧 你 你 在 他 面前 讲 a 的 女儿 脾气 这样 你 不可能 再 讲 b 的 </s> 啧 他 有 五套 他 有 五套 说法 一 


7.7 8.4 7.2 6.2 5.8 4.3 6.3 5.0 7.1 3.5 5.8 5.1 6.2 4.7 3.8 5.4 3.7 4.1 4.7 4.6 5.3 2.2 4.5 5.3 3.9 5.1 5.3 4.8 4.0 4.6 4.3 5.4 
9.6 8.9 8.6 8.8 8.5 6.6 7.8 7.5 8.4 5.3 7.9 5.5 8.3 6.7 7.6 6.8 5.9 5.2 7.1 5.8 6.9 3.1 6.1 7.4 7.2 7.5 7.3 7.6 7.5 5.6 7.0 7.8 
0   0   0   0   0   0   0   0   0   0   0   0   0   0   0   0   0   0   0   0   0   0   0   0   0   0   0   0   0   0   0   0   
7.7 8.4 7.2 6.2 5.8 4.3 6.3 5.0 7.1 3.5 7.9 3.6 5.5 5.2 3.9 5.3 3.5 4.2 4.7 4.6 5.4 2.1 4.6 5.3 3.7 5.2 5.2 4.7 4.2 4.6 4.4 7.7 
0   0   0   0   0   0   0   0   0   0   1   1   0   0   0   0   0   0   0   0   0   0   0   0   0   0   0   0   0   0   0   1   
那个 门 很 有 气势 可是 站在 那边 突然 忘记 台词 then 每个 就 诶 超 搞笑 </s> 我 不觉得 很 漂亮 她 有 跟 松本润 演过戏 那个 什么 </s> 这个 什么 


7.9 6.7 5.9 4.9 4.9 4.5 1.5 5.1 4.8 5.0 4.9 3.8 1.2 1.6 4.4 5.2 5.5 6.1 5.9 5.8 3.4 5.1 2.5 1.8 1.4 4.4 2.4 4.5 2.1 4.5 5.1 5.6 
9.0 7.9 7.3 6.0 6.2 5.1 4.1 5.2 6.2 5.4 6.1 5.5 4.7 6.1 4.9 6.8 7.1 7.6 6.8 6.4 5.5 5.9 5.4 5.7 5.6 5.1 5.8 5.2 5.9 5.1 6.7 7.3 
0   0   0   0   0   0   0   0   0   0   0   0   0   0   0   0   0   0   0   0   0   0   0   0   0   0   0   0   0   0   0   0   
7.9 6.7 5.9 4.9 6.2 3.1 1.7 5.2 4.7 5.0 4.8 3.4 0.9 1.3 4.6 5.2 5.4 6.0 5.8 5.6 3.2 5.2 2.2 1.6 1.3 4.5 2.3 4.5 2.0 4.4 5.1 5.4 
0   0   0   0   1   0   0   0   0   0   0   0   0   0   0   0   0   0   0   0   0   0   0   0   0   0   0   0   0   0   0   0   
你 要 先 讲 你 s u </s> 你 可以 讲话 慢一点 吗 谢谢 </s> 你 不用 那么 故意 </s> 嗯 </s> 嗯 嗯 嗯 </s> 嗯 </s> 嗯 </s> 你 背 


7.5 5.3 4.7 5.1 4.3 4.9 4.4 3.5 3.0 2.8 2.0 4.1 5.8 3.2 4.4 4.1 4.2 4.7 3.6 4.8 4.0 5.0 4.2 5.8 3.7 4.9 3.2 3.6 4.8 4.2 6.3 5.1 
9.3 8.0 7.5 7.2 7.2 7.6 7.6 6.5 5.9 4.9 4.9 4.8 7.4 4.3 5.1 5.7 7.2 7.5 7.0 7.8 6.0 7.6 7.1 7.9 5.5 7.1 6.1 6.8 7.6 6.2 7.3 6.6 
0   0   0   0   0   0   0   0   0   0   0   0   0   0   0   0   0   0   0   0   0   0   0   0   0   0   0   0   0   0   0   0   
7.5 5.3 4.7 5.1 4.3 4.9 4.4 3.5 3.0 2.8 2.0 4.1 5.8 3.2 4.4 4.1 4.2 4.7 3.6 4.8 4.0 5.0 4.2 5.8 3.7 4.9 3.2 3.6 4.8 4.2 6.3 5.1 
0   0   0   0   0   0   0   0   0   0   0   0   0   0   0   0   0   0   0   0   0   0   0   0   0   0   0   0   0   0   0   0   
它 它 它 的 票 是 我 忘记 多少 钱 了 </s> 两百多 吧 </s> 但是 它 的 衣服 好贵 哦 它 衣服 五百五 </s> 啊 对 啊 我 那时候 顺便 想 


6.6 6.2 6.1 6.0 5.3 5.4 5.4 4.7 4.6 4.2 4.1 2.8 6.3 2.4 1.5 4.5 2.8 0.1 4.8 4.4 4.6 4.8 3.8 4.5 4.4 4.2 5.1 5.6 5.1 5.7 4.5 4.4 
9.2 7.9 7.5 8.3 7.4 7.9 7.0 5.2 5.6 5.3 6.0 5.4 8.4 6.4 6.2 6.6 7.4 5.5 5.6 7.4 7.7 7.7 7.2 5.5 6.7 6.2 6.8 7.1 6.5 6.8 6.3 6.3 
0   0   0   0   0   0   0   0   0   0   0   0   0   0   0   0   0   0   0   0   0   0   0   0   0   0   0   0   0   0   0   0   
6.6 6.2 6.1 6.0 5.3 7.9 5.0 5.1 4.7 4.2 4.2 3.1 5.9 2.2 1.5 4.5 2.4 0.1 4.8 4.4 4.5 4.7 3.8 4.6 4.3 4.1 5.1 5.6 5.2 5.7 4.4 6.3 
0   0   0   0   0   1   0   0   0   0   0   0   0   0   0   0   0   0   0   0   0   0   0   0   0   0   0   0   0   0   0   1   
为什么 他 会 有 我们 的 email </s> 哦 </s> 为什么 那一个 减肥 的 吗 是 减肥 吗 </s> 有 的 没有 的 </s> 诶 可是 我 那一时候 我 一 申请 了 


7.8 5.6 5.0 4.6 4.9 5.1 5.2 2.5 5.4 5.3 5.8 2.6 4.8 4.7 5.3 5.1 7.0 5.0 4.7 5.4 4.0 5.1 2.5 5.1 2.8 5.5 6.3 0.4 4.1 5.5 8.1 3.8 
7.9 7.6 6.6 5.8 6.7 6.7 6.2 4.5 6.7 6.2 6.9 4.3 5.1 6.8 7.4 6.0 6.8 6.5 5.0 7.6 4.5 6.7 5.2 5.7 6.4 7.1 7.6 6.2 6.1 6.5 7.5 4.8 
0   0   0   0   0   0   0   0   0   0   0   0   0   0   0   0   1   0   0   0   0   0   0   0   0   0   0   0   0   0   1   0   
7.8 5.6 5.0 4.6 4.9 5.1 5.2 2.5 5.4 6.2 3.6 1.4 4.9 4.7 7.3 3.6 6.3 5.3 4.8 5.2 3.0 4.4 1.6 5.0 2.7 7.0 5.7 4.6 4.3 5.9 7.8 2.3 
0   0   0   0   0   0   0   0   0   1   1   0   0   0   1   0   1   0   0   0   0   0   0   0   0   1   0   1   0   1   0   0   
</s> 我 我 觉得 我 做 这行 应该 是 很 casual 的 </s> 好像 是 i a 我 还 穿 拖鞋 去 耶 </s> 其他 呃 research firm 的话 就要 proper attire 


7.3 6.1 5.9 4.6 4.4 4.1 5.0 5.1 5.2 3.5 5.3 5.2 3.6 4.2 4.6 2.8 1.7 4.8 4.4 4.8 2.8 2.7 4.6 3.3 3.7 7.4 5.2 1.6 4.9 4.7 4.2 4.3 
9.1 8.4 7.7 5.6 4.5 3.7 5.6 6.2 7.2 6.4 6.6 7.1 4.4 5.9 7.1 6.3 3.6 5.1 3.2 5.1 5.4 4.3 5.0 4.3 4.1 8.1 6.2 4.4 5.9 5.9 6.9 5.9 
0   0   0   0   0   1   0   0   0   0   0   0   0   0   0   0   0   0   1   0   0   0   0   0   0   0   0   0   0   0   0   0   
7.3 6.1 5.9 4.6 4.4 4.1 5.2 5.0 5.2 3.6 5.3 7.2 3.3 3.8 3.7 1.3 0.9 4.7 3.3 5.2 3.8 2.7 4.7 3.0 4.4 5.0 4.8 2.4 4.9 4.7 4.2 4.1 
0   0   0   0   0   0   0   0   0   0   0   1   1   0   0   0   0   0   1   1   1   0   0   0   1   0   0   0   0   0   0   0   
我 什么 吓 </s> before that </s> 你 不是 问 我 那个 place 是 怎样 的 吗 </s> then 我就 describe 啦 </s> okay then 你的 梦 咧 你 讲 什么 前天 


8.6 5.5 5.4 6.1 4.1 2.7 5.1 4.9 4.9 8.0 3.3 4.9 5.0 5.6 5.0 5.1 4.6 5.1 4.5 5.7 5.4 4.5 5.2 5.2 5.5 5.2 2.4 4.3 7.6 2.5 5.0 5.0 
9.5 7.8 6.0 7.3 5.2 6.3 8.1 7.3 7.2 8.5 5.5 5.5 5.9 7.3 6.1 7.5 4.7 6.5 6.8 7.6 7.3 6.0 8.2 7.3 7.9 7.7 7.4 7.7 8.0 6.7 6.5 5.4 
0   0   0   0   0   0   0   0   0   0   0   0   0   0   0   0   0   0   0   0   0   0   0   0   0   0   0   0   0   0   0   0   
9.5 6.6 5.5 6.2 5.5 5.9 5.1 5.0 7.3 5.3 3.6 5.6 4.8 5.2 5.5 4.8 4.7 4.9 4.4 5.2 5.7 4.8 5.6 5.5 5.4 5.1 3.1 7.6 7.0 6.5 5.1 6.5 
1   0   0   0   1   1   0   1   1   1   0   0   0   0   0   0   0   0   0   0   0   0   0   0   0   0   0   1   0   0   1   1   
mee 薄 </s> mee pok 咯 mee pok 就是 mee 薄 </s> 哦 面薄 </s> 我 不懂 我 的 耳朵 痛 </s> 面薄 它 扁 的 嘛 那个 the noodles is 扁 


7.0 0.7 5.2 5.5 4.9 6.1 4.0 4.3 5.4 4.3 5.4 5.1 1.6 4.8 5.3 4.7 2.4 5.2 5.5 4.3 3.9 2.1 6.0 4.6 4.9 5.5 3.8 5.7 5.0 3.2 6.7 4.8 
9.4 7.4 6.1 7.1 5.7 7.4 4.6 4.3 7.3 6.8 6.9 6.2 4.4 5.3 5.5 4.9 4.8 5.5 6.8 5.0 5.3 4.9 7.5 6.0 6.8 5.9 6.4 6.7 6.8 4.9 6.6 7.2 
0   0   0   0   0   0   0   0   0   0   0   0   0   0   0   0   0   0   0   0   0   0   0   0   0   0   0   0   0   0   1   0   
9.4 1.8 5.3 5.4 4.9 6.0 4.1 4.2 5.4 4.2 6.9 5.2 2.3 5.2 5.2 5.0 2.3 5.4 5.3 4.5 3.6 5.0 5.3 4.8 4.7 5.6 6.3 7.0 4.6 4.7 4.8 6.4 
1   0   0   0   0   0   0   0   0   0   1   1   0   0   0   0   0   0   0   0   0   1   0   0   0   0   1   1   0   1   0   1   
re-do 吗 </s> 他 讲 我的 天 过后 有 叫 你们 redo 吗 </s> follow rules ah </s> same with us ah 我们 也是 每个人 </s> individually 还是 one group 一起 去 


8.0 6.5 7.0 6.0 6.1 6.0 3.1 2.8 4.8 4.8 6.1 2.2 4.6 5.3 4.9 5.3 5.4 5.4 4.9 5.0 4.4 5.0 4.2 5.5 5.1 5.1 5.7 6.6 3.3 2.8 4.8 4.4 
9.3 8.4 8.4 7.9 7.5 7.8 7.4 6.9 7.1 6.8 8.0 6.5 5.4 7.6 6.8 7.7 7.2 7.5 6.1 7.1 5.9 6.2 5.9 7.0 6.3 6.0 6.0 7.0 4.2 1.8 5.2 4.7 
0   0   0   0   0   0   0   0   0   0   0   0   0   0   0   0   0   0   0   0   0   0   0   0   0   0   0   0   0   1   0   0   
8.0 6.5 7.0 6.0 7.5 3.7 3.4 2.5 4.8 4.7 5.7 1.9 4.7 5.4 5.2 5.3 5.6 5.4 5.0 4.9 4.3 4.8 4.2 5.4 6.3 3.4 5.3 6.4 3.3 2.7 4.9 4.4 
0   0   0   0   1   1   0   0   0   0   0   0   0   0   0   0   0   0   0   0   0   0   0   0   1   0   0   0   0   0   0   1   
通常 会 讲故事的 是 比较 popular 的 啊 你 也是 知道的 啊 </s> 会 啊 这样 呆着 我 觉得 很好 啊 </s> 让 我 感觉 i am a d j </s> then 


8.0 7.4 5.0 3.8 3.7 2.3 4.2 2.8 7.9 0.0 5.4 4.6 4.9 4.5 4.1 4.2 4.6 5.3 5.0 5.1 4.5 4.7 4.6 4.9 4.8 5.0 4.3 5.6 3.9 5.1 2.3 3.4 
8.4 8.7 7.5 6.7 5.6 5.3 7.6 6.3 8.4 4.3 5.7 5.6 5.6 6.8 6.6 5.8 4.6 7.0 6.8 7.9 7.0 5.2 6.0 5.5 7.4 6.8 4.7 5.3 6.1 6.5 6.4 4.8 
0   0   0   0   0   0   0   0   0   0   0   0   0   0   0   0   0   0   0   0   0   0   0   0   0   0   0   1   0   0   0   0   
8.4 6.9 7.9 4.5 6.2 4.8 7.3 1.4 6.5 0.4 5.7 4.4 4.7 4.6 4.0 4.4 4.6 5.2 5.0 4.8 4.4 4.8 4.5 4.8 4.5 4.8 5.0 4.4 3.9 4.4 3.2 3.5 
1   0   1   1   1   1   1   0   0   0   0   0   0   0   0   0   0   0   0   0   0   0   0   0   0   0   1   1   0   0   0   0   
so 我是 用 software 来 simulate 一些 power processor elements </s> 可能 说 我 读 这个 东西 会 花 很多 的 时间 读 </s> 比较 容易 啦 then 我 读 的 时候 


7.0 1.8 1.7 4.7 3.8 4.9 6.3 6.3 5.7 5.6 5.8 5.1 5.8 6.5 5.9 6.3 6.4 5.2 5.8 7.8 6.0 5.4 4.9 4.8 4.8 4.3 3.6 5.9 4.6 4.4 2.6 3.7 
9.4 8.5 7.0 7.1 7.8 6.0 6.7 6.6 6.0 6.3 7.0 7.5 7.1 6.8 6.3 6.9 6.6 6.2 5.9 7.6 6.6 5.9 4.9 7.0 6.8 4.4 4.4 6.0 5.2 4.9 4.4 4.7 
0   0   0   0   0   0   0   0   0   0   0   0   0   0   0   0   0   0   0   1   0   0   1   0   0   0   0   0   0   0   0   0   
7.0 1.8 1.7 4.7 3.8 4.9 6.3 6.3 5.7 5.6 5.8 5.1 5.8 6.5 5.9 6.3 6.4 5.2 5.9 5.9 6.0 5.3 4.9 4.8 4.9 4.2 3.4 5.9 4.6 4.2 2.5 3.7 
0   0   0   0   0   0   0   0   0   0   0   0   0   0   0   0   0   0   1   0   0   0   0   0   0   0   0   0   0   0   0   0   
一五八 唉 四十二 公斤 唉 </s> 哇 然后 就 然后 现在 叫 她 吃东西 她 会 生你的气 </s> 就 like </s> she sometimes she won't care what her family members says then 


6.1 5.4 3.7 6.2 3.4 4.9 6.2 6.4 4.0 1.2 5.0 4.0 4.9 5.1 5.7 5.6 5.4 4.4 5.6 6.1 4.9 3.6 5.3 4.7 5.9 3.5 1.1 3.9 1.3 3.5 3.5 4.7 
6.8 5.9 4.2 5.9 5.3 6.8 7.4 5.9 6.2 3.2 5.0 4.7 6.3 6.5 7.7 5.8 6.7 5.8 6.8 6.8 5.5 5.7 5.8 6.4 7.1 6.6 4.3 5.1 4.1 6.5 4.6 4.8 
0   0   0   1   0   0   0   1   0   0   0   0   0   0   0   0   0   0   0   0   0   0   0   0   0   0   0   0   0   0   0   0   
6.1 5.4 4.2 5.2 3.2 4.8 6.1 6.1 3.9 1.2 5.0 3.9 4.9 5.1 7.8 4.0 5.0 4.6 5.5 5.8 4.9 3.1 5.3 4.5 7.1 5.0 2.9 3.7 1.1 3.7 3.7 4.5 
0   0   1   1   0   0   0   1   0   0   0   0   0   0   1   1   0   0   0   0   0   0   0   0   1   0   0   0   0   0   0   0   
i respect but 啧 i have my own 自由 啦 </s> 因为 家里 是 有 but 你 可能 自己 会 觉得 嗯 可能 我 是 free thinker that kind of thing </s> 


8.9 6.9 6.9 6.2 5.3 5.0 3.6 3.3 5.9 4.4 5.3 3.9 5.8 0.5 5.2 6.3 6.9 7.3 4.1 5.0 4.6 3.4 5.3 6.4 6.0 7.5 4.6 4.0 2.0 5.4 5.3 5.0 
9.5 7.9 7.5 6.5 6.8 6.9 6.2 5.6 5.2 5.4 6.8 5.2 7.0 4.4 5.3 7.3 6.9 6.7 4.7 7.0 6.6 5.9 5.0 7.2 6.4 6.9 5.7 4.7 5.0 5.8 6.1 5.2 
0   0   0   0   0   0   0   0   1   0   0   0   0   0   0   0   0   1   0   0   0   0   1   0   0   1   0   0   0   0   0   0   
8.9 6.9 6.9 6.5 6.0 6.5 2.1 3.6 5.9 3.1 5.2 4.1 5.7 0.5 5.1 7.3 5.8 5.6 4.6 6.7 4.9 4.0 4.7 5.8 6.1 7.2 4.4 3.7 2.1 5.5 5.1 4.7 
0   0   0   1   0   0   0   0   0   0   0   0   0   0   0   1   1   0   1   1   0   0   1   0   0   0   0   0   0   0   0   0   
还没有 到 还没有 到 great grandchildren oh i share with you something very curious </s> my 我的 family oh 就是 pass down since 我的 </s> parent's time oh tsk guys must follow 


7.9 7.3 4.7 3.9 6.4 4.9 6.2 3.2 6.0 5.3 4.4 1.7 2.5 5.3 2.5 3.8 4.9 5.2 5.1 5.3 5.9 6.0 3.8 7.1 4.6 4.1 3.0 4.0 1.4 5.3 5.5 5.6 
7.7 7.0 6.2 4.5 7.5 5.1 4.5 3.8 7.1 5.0 6.8 4.4 4.5 5.4 6.6 4.5 6.0 5.8 6.2 5.6 6.1 6.2 1.9 8.1 4.8 4.6 3.6 5.2 4.5 6.9 6.8 6.7 
1   1   0   0   0   0   1   0   0   1   0   0   0   0   0   0   0   0   0   0   0   0   1   0   0   0   0   0   0   0   0   0   
7.9 6.6 4.6 3.7 6.3 5.0 2.3 3.6 5.4 5.3 3.1 2.9 3.1 5.2 2.6 3.9 4.9 5.2 5.1 5.3 6.0 5.9 3.7 7.5 3.4 3.0 3.1 3.1 4.4 4.5 5.7 6.7 
0   0   0   0   0   1   0   1   0   0   0   0   0   0   0   0   0   0   0   0   0   0   0   1   1   0   1   0   1   0   0   1   
c er we concentrate more on 读书 啦 not on ah relationship but </s> 那时 候 我 有一个 朋友 她 已经 她在 外面 有 boyfriend 了 啦 then ah 他们 就有 去 


8.8 6.7 5.6 5.2 5.4 4.5 6.2 4.4 3.0 3.0 3.8 4.8 4.9 4.6 5.1 2.8 5.6 5.2 4.8 4.3 5.3 5.0 4.8 4.7 4.6 5.2 4.8 5.5 4.9 5.2 5.1 5.2 
9.4 8.6 7.4 7.2 6.6 4.8 6.3 5.1 4.3 6.7 5.0 6.4 5.3 3.6 6.5 5.4 5.8 6.6 5.1 5.2 6.5 6.4 6.0 5.5 6.0 6.5 6.3 6.5 6.2 6.1 6.4 6.5 
0   0   0   0   0   0   0   0   0   0   0   0   0   1   0   0   0   0   0   0   0   0   0   0   0   0   0   0   0   0   0   0   
8.8 6.7 5.6 5.2 6.6 4.1 5.5 4.5 4.2 2.6 3.6 6.3 2.9 3.9 6.5 4.0 6.1 5.2 4.6 4.3 5.3 6.4 4.3 5.1 4.5 5.1 4.8 5.4 4.8 5.2 5.1 5.1 
0   0   0   0   1   0   0   0   1   0   0   1   0   1   1   0   0   0   0   0   0   1   0   0   0   0   0   0   0   0   0   0   
我的 朋友 他 去 他 apply for next sem 的 所以 他 next sem 去 canada </s> 呃 不知道 诶 他 去 montreal </s> 所以 他 去 他 他们 都会 去 六个 


8.4 0.9 5.1 4.4 4.7 5.4 4.3 3.9 3.8 4.4 2.9 3.0 4.2 4.9 6.1 8.0 1.6 1.5 5.3 5.9 4.2 4.6 5.2 3.9 3.7 4.9 4.8 5.6 4.6 5.4 5.1 4.3 
9.1 6.1 5.7 6.8 4.6 5.6 4.9 3.7 5.7 6.0 6.5 6.7 4.9 5.5 6.3 8.3 5.5 3.7 6.5 7.8 4.2 4.9 5.4 5.3 6.0 5.0 4.7 6.2 6.4 5.6 5.2 4.4 
0   0   0   0   1   0   0   1   0   0   0   0   0   0   0   0   0   0   0   0   0   0   0   0   0   0   1   0   0   0   0   0   
8.4 0.9 5.1 4.4 4.7 5.4 4.2 3.9 4.3 4.8 1.7 2.5 4.3 5.2 6.2 5.7 2.3 3.4 5.6 4.2 4.1 4.8 5.3 5.4 3.0 5.0 4.6 4.9 4.1 5.5 5.1 4.2 
0   0   0   0   0   0   0   0   1   1   0   0   0   0   1   0   0   1   0   0   0   0   0   1   0   0   0   0   0   0   0   0   
happen la in the future </s> but anyway okay 啦 most most people are still 很 厉害 啦 ao most scholars so still okay 啦 </s> so army was like that then 


7.6 1.8 5.8 4.3 5.2 4.6 6.0 1.2 5.9 5.0 3.7 5.9 6.6 1.5 5.2 5.1 5.1 4.8 4.5 4.4 4.8 7.0 5.2 5.3 2.4 5.7 5.2 5.6 4.9 6.0 5.0 5.6 
9.1 7.3 6.2 5.9 7.2 6.2 6.7 5.7 5.9 6.5 4.6 5.7 7.8 4.3 7.3 6.6 7.0 6.2 7.0 5.4 6.3 6.1 4.7 6.7 6.2 6.6 6.4 7.5 6.7 6.7 6.4 6.3 
0   0   0   0   0   0   0   0   1   0   0   1   0   0   0   0   0   0   0   0   0   1   1   0   0   0   0   0   0   0   0   0   
7.6 1.8 5.8 4.3 5.2 4.6 6.0 1.2 5.9 4.8 4.0 5.6 6.2 4.4 4.6 5.4 4.0 4.7 4.0 4.4 6.5 3.9 4.2 5.2 1.9 5.6 6.9 1.2 4.5 5.7 4.7 5.1 
0   0   0   0   0   0   0   0   0   0   0   0   0   1   0   0   0   0   0   0   1   0   1   0   0   0   1   1   0   0   0   0   
bus bus </s> 啊 有的 睡 </s> en from a place to another place 看你 从 哪里 到 哪里 </s> 因为 new zealand 是 很大 不 像 singapore 你 到 哪里 到 


8.6 7.8 0.8 0.7 5.7 4.6 4.4 4.7 5.6 5.5 5.8 5.2 4.1 4.8 6.2 4.7 5.7 5.3 5.5 2.9 4.9 6.5 4.0 5.4 3.7 5.3 6.6 5.5 1.0 3.5 4.7 4.5 
8.8 8.1 6.1 5.0 7.7 6.8 5.6 4.9 7.0 7.0 6.1 6.2 4.8 6.4 6.3 4.7 6.4 6.6 6.0 4.3 5.1 6.7 4.4 6.0 4.2 6.3 7.4 5.1 5.0 4.5 5.0 4.3 
0   0   0   0   0   0   0   0   0   0   0   0   0   0   0   1   0   0   0   0   0   0   0   0   0   0   0   1   0   0   0   1   
8.6 7.8 0.8 5.0 4.0 5.2 4.1 4.9 5.5 5.4 5.8 6.1 3.9 4.3 5.0 4.7 5.1 5.3 5.2 2.3 4.8 6.4 4.0 5.5 3.7 5.4 6.7 5.3 1.7 3.1 4.5 4.4 
0   0   0   1   0   0   0   0   0   0   0   1   0   1   0   0   0   0   0   0   0   0   0   0   0   0   0   0   0   0   0   0   
very short fuse ah 好像 她有时候 讲话 虽然 是 我 </s> 我 look back 我 觉得 她 还是 </s> that's not the way to talk to my mother loh yeah </s> so 


8.0 5.5 5.2 4.5 4.4 5.0 5.6 4.5 5.6 5.6 4.4 2.9 5.6 5.4 5.0 4.6 5.1 4.2 5.0 4.8 5.0 4.4 5.3 3.9 5.0 4.3 5.8 4.7 5.5 5.9 3.2 3.2 
9.5 8.1 7.7 7.0 5.0 6.8 6.7 5.6 7.1 7.2 6.5 4.1 6.0 6.7 6.6 5.4 5.8 7.1 6.8 7.1 6.9 5.8 7.2 7.7 6.9 6.2 6.8 6.3 6.6 7.4 5.4 6.7 
0   0   0   0   0   0   0   0   0   0   0   0   0   0   0   0   0   0   0   0   0   0   0   0   0   0   0   0   0   0   0   0   
8.0 5.5 5.2 4.5 4.4 5.0 5.6 4.5 5.6 5.6 4.4 2.9 5.6 5.4 5.0 4.6 5.1 4.2 5.0 4.8 5.0 4.4 5.3 3.9 5.0 4.3 5.8 4.7 5.5 5.9 3.2 3.2 
0   0   0   0   0   0   0   0   0   0   0   0   0   0   0   0   0   0   0   0   0   0   0   0   0   0   0   0   0   0   0   0   
日本 公司 做 久 了 你 会 觉得 你 很 讨厌 日本人 </s> 不会 不 之前 </s> 哎哟 他们 怎样 很难 解释 他们 有些 你 真的 可以 讲 他们是 很 工作狂 的 


7.8 6.9 6.2 4.9 3.1 5.3 6.2 2.2 5.2 4.7 2.9 5.3 5.0 5.4 3.4 5.1 5.1 5.4 4.6 2.4 3.1 6.4 5.9 3.5 4.2 4.5 1.8 5.0 4.5 4.4 5.0 5.2 
7.9 7.6 7.1 5.8 5.2 6.7 6.7 5.2 5.8 7.1 6.0 6.8 5.7 6.5 5.1 6.1 6.5 7.2 6.0 4.6 4.5 7.5 7.3 6.7 7.3 6.1 3.7 5.3 5.2 6.6 6.1 6.8 
0   0   0   0   0   0   0   0   0   0   0   0   0   0   0   0   0   0   0   0   0   0   0   0   0   0   0   0   0   0   0   0   
7.8 6.9 6.2 4.9 3.1 5.3 6.7 1.1 5.3 7.1 1.3 5.2 4.6 5.3 2.6 4.9 4.8 5.4 4.3 2.3 2.9 6.1 5.9 3.6 4.0 4.6 1.9 5.0 4.6 4.4 5.0 5.2 
0   0   0   0   0   0   1   0   0   1   0   0   0   0   0   0   0   0   0   0   0   0   0   0   0   0   0   0   0   0   0   0   
</s> 二 就有 这个 问题 三 你的 air-con </s> pom 一声 我 就 不能 了 我 就是 很 怕 嘛 因为 毕竟 是 学校 的 地方 嘛 </s> 然后 他 又 这样 


7.8 6.5 3.0 4.2 4.8 5.0 4.6 3.1 5.4 5.0 5.2 5.4 5.4 3.3 5.8 4.4 4.0 2.5 4.7 4.2 6.1 3.9 4.5 5.2 5.0 5.4 4.9 4.8 3.9 4.4 4.7 4.5 
9.7 8.8 6.6 4.2 4.9 6.8 7.6 6.3 8.0 7.3 6.8 7.2 7.0 5.3 7.9 6.4 7.1 4.6 5.7 5.8 7.4 7.7 5.8 7.0 6.4 6.4 6.3 7.2 6.5 7.2 6.0 7.4 
0   0   0   1   0   0   0   0   0   0   0   0   0   0   0   0   0   0   0   0   0   0   0   0   0   0   0   0   0   0   0   0   
7.8 6.5 3.0 4.2 4.7 5.0 4.6 2.7 5.3 5.2 5.1 5.5 5.5 3.3 5.9 4.5 4.1 2.9 4.6 5.7 4.3 4.3 5.1 5.2 5.1 5.4 4.9 4.7 3.6 4.3 4.7 4.5 
0   0   0   0   0   0   0   0   0   0   0   0   0   0   0   0   0   0   0   1   1   0   0   0   0   0   0   0   0   0   0   0   
看 他 破 屋子 </s> 是 什么 厕所 没有 关 他们 每次 讲 厕所 没有 关 的 嘛 </s> 啊 china 的 </s> 然后 我 就 去 看 咯 诶 </s> 有 


9.3 8.3 2.6 4.5 5.2 5.1 5.9 4.7 5.5 4.8 4.8 4.4 5.6 4.9 4.8 5.3 5.1 3.6 4.7 5.4 4.3 3.6 3.5 3.9 4.2 4.5 4.8 4.5 3.4 4.9 3.8 4.6 
9.6 9.1 7.9 6.1 6.5 7.1 6.6 6.8 7.6 6.6 7.6 6.2 6.9 7.1 5.9 5.9 7.2 6.2 7.3 7.5 7.1 7.2 7.2 5.3 5.3 7.5 7.3 7.8 6.1 7.6 6.9 7.3 
0   0   0   0   0   0   0   0   0   0   0   0   0   0   0   0   0   0   0   0   0   0   0   0   0   0   0   0   0   0   0   0   
9.3 9.1 5.0 4.5 5.0 5.0 5.7 4.7 5.3 4.4 3.9 3.9 5.5 4.4 4.8 5.8 5.2 3.7 5.2 5.0 4.3 3.7 3.5 3.9 4.2 4.5 4.7 4.5 3.5 7.6 2.5 4.1 
0   1   1   0   0   0   0   0   0   0   0   0   0   0   0   1   0   0   0   0   0   0   0   0   0   0   0   0   0   1   1   0   
一 个 website 都 可能 你 要 花 很 多 的 时间 在 那边 </s> translate 啊 理解 它 的 意思 这样 的 东西 </s> 我 的 英文 名 是 lim-chin-yee 我 


8.3 7.1 5.2 5.8 5.8 4.8 5.9 4.9 5.2 4.7 5.3 4.8 4.0 2.9 4.7 5.3 5.0 5.4 4.1 4.2 1.6 3.9 4.2 4.0 4.5 5.5 3.8 3.6 4.8 5.3 5.0 5.7 
9.3 8.9 7.2 7.0 6.6 6.6 7.4 5.6 6.5 6.9 6.8 7.4 4.2 5.2 6.0 6.2 6.7 6.5 7.0 7.9 6.3 6.9 3.8 5.1 5.6 6.2 5.0 6.3 6.1 6.6 6.9 6.9 
0   0   0   0   0   0   0   0   0   0   0   0   0   0   0   0   0   0   0   0   0   0   1   0   0   0   0   0   0   0   0   0   
8.3 7.1 5.2 5.8 5.8 4.8 5.9 4.9 5.2 4.7 5.3 4.8 4.0 2.9 4.7 5.3 5.0 5.4 4.1 4.2 1.6 3.9 4.2 3.3 5.2 3.9 3.6 3.9 4.9 5.4 4.9 5.7 
0   0   0   0   0   0   0   0   0   0   0   0   0   0   0   0   0   0   0   0   0   0   0   0   1   1   0   0   0   0   0   0   
是 出了 你 就会 </s> 不是 不能 讲 你 学 到 什么 东西 啊 就 </s> 你 会 看到 很多 不同 的 东西 这样 子 then 过后 他 就 一直 鼓励 我 


7.3 6.1 3.3 5.3 6.2 5.4 5.0 5.4 4.9 4.9 4.9 5.1 3.8 5.5 3.1 3.8 5.1 5.6 4.8 4.7 5.3 3.7 4.0 3.9 4.7 4.7 3.9 3.8 4.9 4.8 3.0 4.8 
8.4 7.3 6.8 7.3 7.8 7.3 6.7 7.1 6.8 7.3 7.4 6.8 7.8 8.0 5.7 5.8 6.4 6.4 6.2 5.8 6.6 4.2 5.3 5.1 6.8 6.5 6.2 5.9 6.5 6.2 4.5 5.9 
0   0   0   0   0   0   0   0   0   0   0   0   0   0   0   0   0   0   0   0   0   0   0   0   0   0   0   0   0   0   0   0   
7.3 6.1 3.3 5.3 6.2 5.4 5.0 5.4 4.9 4.9 4.9 5.1 3.8 5.5 3.1 3.8 5.1 5.6 4.8 4.7 5.3 3.7 5.3 4.2 4.6 5.3 4.3 4.2 4.9 4.9 3.0 4.8 
0   0   0   0   0   0   0   0   0   0   0   0   0   0   0   0   0   0   0   0   0   0   1   1   0   0   0   0   0   0   0   0   
应该 是 渐渐 有人 有 可是 我 还是 看到 身边 的 人 很多 没有 哦 因为 我 </s> 我 觉得 很 重要 啊 confidence 即使 好像 因为 因为 我 不知道 啦 可能 


8.9 6.0 6.1 6.3 3.8 5.2 5.5 6.3 6.8 5.7 4.1 6.3 5.6 5.3 3.7 2.3 5.0 2.1 3.7 5.3 5.4 4.5 7.2 6.5 5.6 6.1 5.0 5.2 4.4 5.3 4.7 5.2 
9.7 7.2 7.4 7.6 6.4 7.1 5.6 7.6 7.6 7.3 7.2 7.7 7.7 7.4 6.1 5.6 7.7 6.7 6.0 6.0 7.3 6.3 8.0 7.8 7.5 6.9 7.0 6.6 7.2 7.5 6.5 6.6 
0   0   0   0   0   0   0   0   0   0   0   0   0   0   0   0   0   0   0   0   0   0   0   0   0   0   0   0   0   0   0   0   
9.7 6.3 5.9 6.3 3.6 5.0 5.5 5.8 6.4 5.5 3.1 7.6 5.1 7.2 4.3 1.9 4.7 3.1 2.6 5.2 5.4 6.2 5.8 5.7 7.0 4.7 5.1 6.9 3.2 4.6 3.2 6.5 
1   1   0   0   0   0   0   0   0   0   0   1   1   1   1   0   0   0   0   0   0   1   1   0   1   1   0   1   1   0   0   1   
变成 okay 你 变成 每 一天 都 好像 要 去 每 一个 site 去 patrol 这样 就是 巡逻 啊 </s> 回去 这个 site 好像 什么 material 不够 好像 sand 没有 了 还是 


7.7 6.3 5.0 3.9 5.3 3.6 3.4 4.0 5.7 4.9 4.9 6.9 3.2 3.4 4.7 5.2 4.6 3.1 3.7 5.8 4.0 3.0 3.2 2.1 2.9 3.0 4.7 3.7 3.9 2.8 4.7 4.1 
8.9 8.9 8.3 8.1 8.0 5.0 5.7 6.9 7.4 7.5 6.7 7.6 6.6 4.6 5.5 7.3 6.8 6.4 6.1 7.5 5.4 6.1 5.9 6.6 7.2 7.5 7.4 7.0 6.9 5.8 6.4 5.8 
0   0   0   0   0   0   0   0   0   0   0   0   0   0   0   0   0   0   0   0   0   0   0   0   0   0   0   0   0   0   0   0   
8.9 6.8 5.5 3.5 5.3 3.6 3.3 3.9 5.8 4.8 4.9 6.9 3.2 3.3 4.6 5.3 4.2 2.9 3.8 5.8 4.0 6.1 4.2 3.2 7.2 4.7 4.2 4.8 3.1 5.2 3.2 4.1 
1   0   0   0   0   0   0   0   0   0   0   0   0   0   0   0   0   0   0   0   0   1   1   0   1   1   0   0   0   1   0   0   
mean 那些 啊 所有 的 条件 啊 该 符合 的 都 已经 符合 了 </s> 不该 符合 的 也 符合 了 应该 consider 的 那些 point 全部 都有 进去 了 so i 


8.8 7.3 5.5 4.9 5.2 6.6 4.6 4.9 6.9 6.0 3.3 5.4 5.1 4.2 4.9 4.0 5.5 5.3 3.7 4.1 5.8 4.6 3.7 2.8 4.8 4.5 5.4 5.2 4.4 6.0 4.3 2.5 
9.4 7.7 5.6 5.0 5.5 7.0 5.7 6.6 6.7 5.3 4.8 5.5 4.1 4.7 5.0 4.4 5.7 7.0 5.5 4.7 6.6 6.2 3.6 5.5 5.3 6.2 7.2 6.3 5.6 6.3 6.1 5.8 
0   0   0   0   0   0   0   0   1   1   0   0   1   0   0   0   0   0   0   0   0   0   1   0   0   0   0   0   0   0   0   0   
8.8 7.3 5.5 4.9 5.5 4.9 4.8 5.2 7.2 4.7 2.4 5.1 3.9 4.4 5.4 3.9 5.5 5.4 4.1 4.4 5.8 4.7 4.0 1.9 4.7 4.7 5.6 5.4 4.6 6.2 4.6 2.4 
0   0   0   0   1   0   0   0   0   0   0   0   1   0   0   0   0   0   0   0   0   0   0   0   0   0   0   0   0   0   0   0   
night from morning until evening 你 都 看到 同一个 人 了 </s> then 放工 了 过后 就 比较 少 说 会 一起 出来 啦 </s> 现在 没有 办法 啊 剩 两个 了 


Test perplexity 203.678082
