3655.672676
836.351059
763.213188
1804.020466
958.817210
685.115867
670.436755
621.096279
574.123696
521.608986
475.306595
454.705863
453.959593
444.181287
426.073837
438.732314
433.920359
451.156129
451.089790
451.876259
440.924764
432.983117
437.460484
445.773544
443.296672
451.130530
434.040023
472.616152
462.582746
421.215103
452.633321
450.391750
422.703137
435.957287
415.187382
400.779551
416.891425
393.662707
432.807113
418.350155
398.507728
402.205276
392.384583
401.330012
397.640243
425.492367
409.178640
394.338037
406.637850
421.419272
401.527926
412.261439
436.507539
441.506150
425.104093
414.898391
421.912926
433.371593
415.431542
416.102788
458.336061
450.175642
449.024513
456.560599
452.012020
461.143442
473.334536
455.263061
446.410196
503.857789
478.657836
478.902538
457.453127
497.490977
464.001011
482.155264
484.189470
488.193097
470.007048
477.737529
485.622652
469.016148
499.093199
503.095764
496.188082
511.765858
500.447164
507.624184
498.263689
529.415429
503.157796
512.571666
543.775574
507.517803
543.088596
544.299302
549.339256
534.305834
538.509335
552.060467
Testing perplexity 635.862781
