The second line has the entropy values when the bit is set to 1 while the previous bits are taken to be the decoded values till then
The third line has the decoded sequence using greedy strategy on entropy values
The fourth line contains the cost using greedily decoded sequence.
The fifth line has the entropy values for oracle segmentation sequence
The sixth line is the oracle segmentation sequence 
The seventh line contains the cost using oracle segmentation sequence
The eigth line is the word sequence. (The bit for </s> is set to be 0 across the dataset)

5.5 5.3 6.1 4.7 5.9 3.6 5.3 5.0 5.0 4.3 3.9 6.0 4.6 4.3 3.0 4.8 4.0 3.5 5.5 5.2 5.0 7.1 5.3 4.5 5.3 4.9 3.9 5.1 5.1 5.1 4.3 5.6 
9.3 8.7 7.5 6.3 7.0 6.4 7.2 6.0 7.3 5.0 5.1 7.2 5.6 6.1 4.6 5.3 4.5 4.0 4.6 5.7 6.1 7.6 6.3 6.8 7.0 6.4 5.6 6.6 6.7 5.8 5.8 6.1 
0   0   0   0   0   0   0   0   0   0   0   0   0   0   0   0   0   0   1   0   0   0   0   0   0   0   0   0   0   0   0   0   
The sentence cost for greedy decoding : 6.09
5.5 5.3 6.1 4.7 5.9 3.6 5.3 5.0 5.0 5.0 3.6 5.3 5.2 4.4 3.4 4.7 4.0 3.7 5.8 5.3 4.5 7.8 5.1 4.5 5.2 4.9 4.0 5.1 5.2 5.1 5.7 4.4 
0   0   0   0   0   0   0   0   0   1   1   0   0   0   0   0   0   0   0   0   0   0   0   0   0   0   0   0   0   0   1   0   
The sentence cost for orcale segmentation : 5.40
呃 十一号 十月 哦 我 跟 你 讲 一个 东西 but 不 可以 讲 出去 </s> ah final saturday </s> 八十六 加 </s> 没有 没有 八 八十 没有 算 </s> 因为 top 


7.7 5.4 6.4 4.7 2.9 4.5 2.1 5.0 3.1 4.8 3.6 4.3 5.1 5.6 5.3 4.6 5.3 5.7 4.8 4.9 4.0 4.6 3.8 4.4 5.0 4.3 5.2 4.9 5.9 4.8 4.7 4.6 
9.2 6.7 6.9 6.6 4.3 5.0 5.2 5.2 5.0 5.4 5.3 4.7 5.2 5.7 6.2 6.1 6.6 7.2 6.8 6.8 4.7 5.2 4.9 5.2 5.9 6.1 6.6 5.9 7.4 6.8 7.0 4.0 
0   0   0   0   0   0   0   0   0   0   0   0   0   0   0   0   0   0   0   0   0   0   0   0   0   0   0   0   0   0   0   1   
The sentence cost for greedy decoding : 4.58
7.7 6.7 4.5 4.6 3.5 4.5 2.6 5.2 3.1 5.8 2.5 4.6 5.2 5.7 5.3 4.6 5.2 5.5 4.7 4.9 4.0 4.7 3.8 4.6 5.0 4.3 5.2 4.9 6.0 4.9 4.7 4.6 
0   1   1   0   0   0   0   0   0   1   0   0   0   0   0   0   0   0   0   0   0   0   0   0   0   0   0   0   0   0   0   0   
The sentence cost for orcale segmentation : 4.12
他们 都 totally 不 讲话 </s> yes </s> 对 就 i think like </s> 你 懂 他 会 怎样 去 分钱 </s> 啊 </s> 就 因为 她 在 家里 自己 吃 她 


7.7 7.0 5.8 5.2 3.6 5.5 7.3 3.4 4.3 4.7 5.5 3.5 5.8 3.1 5.1 1.5 4.1 4.9 5.5 1.4 4.4 4.7 5.0 5.7 5.4 2.1 1.7 3.3 5.1 4.9 3.6 4.8 
9.2 8.6 7.6 5.7 5.0 5.7 6.6 5.8 5.1 7.5 7.4 4.5 7.8 5.6 7.2 3.4 6.8 6.3 6.9 3.8 5.0 6.5 8.1 6.7 7.6 5.2 4.6 4.0 5.7 4.1 5.3 6.6 
0   0   0   0   0   0   1   0   0   0   0   0   0   0   0   0   0   0   0   0   0   0   0   0   0   0   0   0   0   1   0   0   
The sentence cost for greedy decoding : 5.12
7.7 7.0 5.8 5.2 3.6 5.5 7.3 4.3 3.9 4.8 4.5 3.8 5.7 3.0 5.2 1.4 4.0 4.8 5.7 1.4 4.4 4.7 4.9 5.7 5.4 5.3 1.4 3.9 5.2 4.0 3.5 4.8 
0   0   0   0   0   0   0   1   0   0   0   0   0   0   0   0   0   0   0   0   0   0   0   0   0   1   1   0   0   1   0   0   
The sentence cost for orcale segmentation : 4.84
他 很 难 </s> talk to the girl 而且 那个 女的 也 没有 给 我 感觉 看 得 很 顺眼 她 就是 那种 </s> 很 奇怪 style 对 </s> then 后来 他 


7.6 6.3 1.8 5.3 5.2 3.3 4.8 4.6 3.9 6.0 5.4 3.3 5.5 1.6 4.8 3.4 3.8 4.0 2.2 5.4 4.7 3.8 1.7 5.5 4.9 2.8 4.4 5.2 5.0 4.3 5.5 4.5 
9.0 7.9 5.8 7.2 5.2 4.3 5.5 4.3 4.6 7.2 6.2 6.7 6.7 5.7 6.7 6.0 5.3 4.3 4.4 7.2 6.5 5.4 4.5 6.7 5.3 5.3 4.9 6.8 5.9 7.0 7.0 5.4 
0   0   0   0   0   0   0   1   0   0   0   0   0   0   0   0   0   0   0   0   0   0   0   0   0   0   0   0   0   0   0   0   
The sentence cost for greedy decoding : 5.57
7.6 6.3 1.8 5.3 5.2 3.3 4.8 4.6 3.6 5.2 5.3 3.4 5.4 1.6 4.8 6.2 3.8 4.4 4.2 4.8 4.5 3.6 1.0 5.5 4.9 2.6 4.5 5.3 5.1 4.2 5.6 4.5 
0   0   0   0   0   0   0   0   1   0   0   0   0   0   0   1   0   0   1   0   0   0   0   0   0   0   0   0   0   0   0   0   
The sentence cost for orcale segmentation : 4.85
就 是 咩 我 就 哦 </s> then but 你 可以 给 我 另外 三架 的 i p adress 我 弄 不见 了 他 就 哦 </s> 他 就 开 他 电脑 


7.4 6.8 6.7 5.5 4.8 5.2 5.0 4.8 5.7 4.6 4.6 7.3 3.5 1.0 4.6 3.8 5.0 4.7 5.6 4.2 4.5 5.1 4.4 4.2 5.1 5.6 4.7 5.3 5.5 4.6 2.9 6.3 
9.2 7.4 7.7 6.1 7.1 7.1 6.5 6.6 7.3 6.5 6.1 7.7 7.4 4.9 6.1 7.0 6.4 6.5 6.6 5.8 4.0 8.0 4.9 7.1 6.7 7.4 6.9 6.3 7.4 7.0 5.3 7.6 
0   0   0   0   0   0   0   0   0   0   0   0   0   0   0   0   0   0   0   0   1   0   0   0   0   0   0   0   0   0   0   0   
The sentence cost for greedy decoding : 6.42
7.4 6.8 6.7 5.5 4.8 5.2 5.0 4.8 5.7 4.6 6.1 6.6 4.4 1.4 4.9 2.8 5.1 4.8 5.6 5.5 1.5 3.5 4.8 4.2 5.1 5.6 4.5 5.2 5.7 4.6 3.1 6.4 
0   0   0   0   0   0   0   0   0   0   1   1   0   0   0   0   0   0   0   1   1   0   0   0   0   0   0   0   0   0   0   0   
The sentence cost for orcale segmentation : 5.87
down </s> 废话 </s> 啧 你 你 在 他 面前 讲 a 的 女儿 脾气 这样 你 不可能 再 讲 b 的 </s> 啧 他 有 五套 他 有 五套 说法 一 


7.7 8.4 7.2 6.2 5.8 4.3 6.3 5.0 7.1 3.5 5.8 5.1 6.2 4.7 3.8 5.4 3.7 4.1 4.7 4.6 5.3 2.2 4.5 5.3 3.9 5.1 5.3 4.8 4.0 4.6 4.3 5.4 
9.6 8.9 8.6 8.8 8.5 6.6 7.8 7.5 8.4 5.3 7.9 5.5 8.3 6.7 7.6 6.8 5.9 5.2 7.1 5.8 6.9 3.1 6.1 7.4 7.2 7.5 7.3 7.6 7.5 5.6 7.0 7.8 
0   0   0   0   0   0   0   0   0   0   0   0   0   0   0   0   0   0   0   0   0   0   0   0   0   0   0   0   0   0   0   0   
The sentence cost for greedy decoding : 7.07
7.7 8.4 7.2 6.2 5.8 4.3 6.3 5.0 7.1 3.5 7.9 3.6 5.5 5.2 3.9 5.3 3.5 4.2 4.7 4.6 5.4 2.1 4.6 5.3 3.7 5.2 5.2 4.7 4.2 4.6 4.4 7.7 
0   0   0   0   0   0   0   0   0   0   1   1   0   0   0   0   0   0   0   0   0   0   0   0   0   0   0   0   0   0   0   1   
The sentence cost for orcale segmentation : 6.67
那个 门 很 有 气势 可是 站在 那边 突然 忘记 台词 then 每个 就 诶 超 搞笑 </s> 我 不觉得 很 漂亮 她 有 跟 松本润 演过戏 那个 什么 </s> 这个 什么 


7.9 6.7 5.9 4.9 4.9 4.5 1.5 5.1 4.8 5.0 4.9 3.8 1.2 1.6 4.4 5.2 5.5 6.1 5.9 5.8 3.4 5.1 2.5 1.8 1.4 4.4 2.4 4.5 2.1 4.5 5.1 5.6 
9.0 7.9 7.3 6.0 6.2 5.1 4.1 5.2 6.2 5.4 6.1 5.5 4.7 6.1 4.9 6.8 7.1 7.6 6.8 6.4 5.5 5.9 5.4 5.7 5.6 5.1 5.8 5.2 5.9 5.1 6.7 7.3 
0   0   0   0   0   0   0   0   0   0   0   0   0   0   0   0   0   0   0   0   0   0   0   0   0   0   0   0   0   0   0   0   
The sentence cost for greedy decoding : 4.44
7.9 6.7 5.9 4.9 6.2 3.1 1.7 5.2 4.7 5.0 4.8 3.4 0.9 1.3 4.6 5.2 5.4 6.0 5.8 5.6 3.2 5.2 2.2 1.6 1.3 4.5 2.3 4.5 2.0 4.4 5.1 5.4 
0   0   0   0   1   0   0   0   0   0   0   0   0   0   0   0   0   0   0   0   0   0   0   0   0   0   0   0   0   0   0   0   
The sentence cost for orcale segmentation : 4.26
你 要 先 讲 你 s u </s> 你 可以 讲话 慢一点 吗 谢谢 </s> 你 不用 那么 故意 </s> 嗯 </s> 嗯 嗯 嗯 </s> 嗯 </s> 嗯 </s> 你 背 


7.5 5.3 4.7 5.1 4.3 4.9 4.4 3.5 3.0 2.8 2.0 4.1 5.8 3.2 4.4 4.1 4.2 4.7 3.6 4.8 4.0 5.0 4.2 5.8 3.7 4.9 3.2 3.6 4.8 4.2 6.3 5.1 
9.3 8.0 7.5 7.2 7.2 7.6 7.6 6.5 5.9 4.9 4.9 4.8 7.4 4.3 5.1 5.7 7.2 7.5 7.0 7.8 6.0 7.6 7.1 7.9 5.5 7.1 6.1 6.8 7.6 6.2 7.3 6.6 
0   0   0   0   0   0   0   0   0   0   0   0   0   0   0   0   0   0   0   0   0   0   0   0   0   0   0   0   0   0   0   0   
The sentence cost for greedy decoding : 4.72
7.5 5.3 4.7 5.1 4.3 4.9 4.4 3.5 3.0 2.8 2.0 4.1 5.8 3.2 4.4 4.1 4.2 4.7 3.6 4.8 4.0 5.0 4.2 5.8 3.7 4.9 3.2 3.6 4.8 4.2 6.3 5.1 
0   0   0   0   0   0   0   0   0   0   0   0   0   0   0   0   0   0   0   0   0   0   0   0   0   0   0   0   0   0   0   0   
The sentence cost for orcale segmentation : 4.72
它 它 它 的 票 是 我 忘记 多少 钱 了 </s> 两百多 吧 </s> 但是 它 的 衣服 好贵 哦 它 衣服 五百五 </s> 啊 对 啊 我 那时候 顺便 想 


6.6 6.2 6.1 6.0 5.3 5.4 5.4 4.7 4.6 4.2 4.1 2.8 6.3 2.4 1.5 4.5 2.8 0.1 4.8 4.4 4.6 4.8 3.8 4.5 4.4 4.2 5.1 5.6 5.1 5.7 4.5 4.4 
9.2 7.9 7.5 8.3 7.4 7.9 7.0 5.2 5.6 5.3 6.0 5.4 8.4 6.4 6.2 6.6 7.4 5.5 5.6 7.4 7.7 7.7 7.2 5.5 6.7 6.2 6.8 7.1 6.5 6.8 6.3 6.3 
0   0   0   0   0   0   0   0   0   0   0   0   0   0   0   0   0   0   0   0   0   0   0   0   0   0   0   0   0   0   0   0   
The sentence cost for greedy decoding : 5.75
6.6 6.2 6.1 6.0 5.3 7.9 5.0 5.1 4.7 4.2 4.2 3.1 5.9 2.2 1.5 4.5 2.4 0.1 4.8 4.4 4.5 4.7 3.8 4.6 4.3 4.1 5.1 5.6 5.2 5.7 4.4 6.3 
0   0   0   0   0   1   0   0   0   0   0   0   0   0   0   0   0   0   0   0   0   0   0   0   0   0   0   0   0   0   0   1   
The sentence cost for orcale segmentation : 5.36
为什么 他 会 有 我们 的 email </s> 哦 </s> 为什么 那一个 减肥 的 吗 是 减肥 吗 </s> 有 的 没有 的 </s> 诶 可是 我 那一时候 我 一 申请 了 


7.8 5.6 5.0 4.6 4.9 5.1 5.2 2.5 5.4 5.3 5.8 2.6 4.8 4.7 5.3 5.1 7.0 5.0 4.7 5.4 4.0 5.1 2.5 5.1 2.8 5.5 6.3 0.4 4.1 5.5 8.1 3.8 
7.9 7.6 6.6 5.8 6.7 6.7 6.2 4.5 6.7 6.2 6.9 4.3 5.1 6.8 7.4 6.0 6.8 6.5 5.0 7.6 4.5 6.7 5.2 5.7 6.4 7.1 7.6 6.2 6.1 6.5 7.5 4.8 
0   0   0   0   0   0   0   0   0   0   0   0   0   0   0   0   1   0   0   0   0   0   0   0   0   0   0   0   0   0   1   0   
The sentence cost for greedy decoding : 6.52
7.8 5.6 5.0 4.6 4.9 5.1 5.2 2.5 5.4 6.2 3.6 1.4 4.9 4.7 7.3 3.6 6.3 5.3 4.8 5.2 3.0 4.4 1.6 5.0 2.7 7.0 5.7 4.6 4.3 5.9 7.8 2.3 
0   0   0   0   0   0   0   0   0   1   1   0   0   0   1   0   1   0   0   0   0   0   0   0   0   1   0   1   0   1   0   0   
The sentence cost for orcale segmentation : 5.59
</s> 我 我 觉得 我 做 这行 应该 是 很 casual 的 </s> 好像 是 i a 我 还 穿 拖鞋 去 耶 </s> 其他 呃 research firm 的话 就要 proper attire 


7.3 6.1 5.9 4.6 4.4 4.1 5.0 5.1 5.2 3.5 5.3 5.2 3.6 4.2 4.6 2.8 1.7 4.8 4.4 4.8 2.8 2.7 4.6 3.3 3.7 7.4 5.2 1.6 4.9 4.7 4.2 4.3 
9.1 8.4 7.7 5.6 4.5 3.7 5.6 6.2 7.2 6.4 6.6 7.1 4.4 5.9 7.1 6.3 3.6 5.1 3.2 5.1 5.4 4.3 5.0 4.3 4.1 8.1 6.2 4.4 5.9 5.9 6.9 5.9 
0   0   0   0   0   1   0   0   0   0   0   0   0   0   0   0   0   0   1   0   0   0   0   0   0   0   0   0   0   0   0   0   
The sentence cost for greedy decoding : 5.82
7.3 6.1 5.9 4.6 4.4 4.1 5.2 5.0 5.2 3.6 5.3 7.2 3.3 3.8 3.7 1.3 0.9 4.7 3.3 5.2 3.8 2.7 4.7 3.0 4.4 5.0 4.8 2.4 4.9 4.7 4.2 4.1 
0   0   0   0   0   0   0   0   0   0   0   1   1   0   0   0   0   0   1   1   1   0   0   0   1   0   0   0   0   0   0   0   
The sentence cost for orcale segmentation : 5.13
我 什么 吓 </s> before that </s> 你 不是 问 我 那个 place 是 怎样 的 吗 </s> then 我就 describe 啦 </s> okay then 你的 梦 咧 你 讲 什么 前天 


8.6 5.5 5.4 6.1 4.1 2.7 5.1 4.9 4.9 8.0 3.3 4.9 5.0 5.6 5.0 5.1 4.6 5.1 4.5 5.7 5.4 4.5 5.2 5.2 5.5 5.2 2.4 4.3 7.6 2.5 5.0 5.0 
9.5 7.8 6.0 7.3 5.2 6.3 8.1 7.3 7.2 8.5 5.5 5.5 5.9 7.3 6.1 7.5 4.7 6.5 6.8 7.6 7.3 6.0 8.2 7.3 7.9 7.7 7.4 7.7 8.0 6.7 6.5 5.4 
0   0   0   0   0   0   0   0   0   0   0   0   0   0   0   0   0   0   0   0   0   0   0   0   0   0   0   0   0   0   0   0   
The sentence cost for greedy decoding : 7.78
9.5 6.6 5.5 6.2 5.5 5.9 5.1 5.0 7.3 5.3 3.6 5.6 4.8 5.2 5.5 4.8 4.7 4.9 4.4 5.2 5.7 4.8 5.6 5.5 5.4 5.1 3.1 7.6 7.0 6.5 5.1 6.5 
1   0   0   0   1   1   0   1   1   1   0   0   0   0   0   0   0   0   0   0   0   0   0   0   0   0   0   1   0   0   1   1   
The sentence cost for orcale segmentation : 7.22
mee 薄 </s> mee pok 咯 mee pok 就是 mee 薄 </s> 哦 面薄 </s> 我 不懂 我 的 耳朵 痛 </s> 面薄 它 扁 的 嘛 那个 the noodles is 扁 


7.0 0.7 5.2 5.5 4.9 6.1 4.0 4.3 5.4 4.3 5.4 5.1 1.6 4.8 5.3 4.7 2.4 5.2 5.5 4.3 3.9 2.1 6.0 4.6 4.9 5.5 3.8 5.7 5.0 3.2 6.7 4.8 
9.4 7.4 6.1 7.1 5.7 7.4 4.6 4.3 7.3 6.8 6.9 6.2 4.4 5.3 5.5 4.9 4.8 5.5 6.8 5.0 5.3 4.9 7.5 6.0 6.8 5.9 6.4 6.7 6.8 4.9 6.6 7.2 
0   0   0   0   0   0   0   0   0   0   0   0   0   0   0   0   0   0   0   0   0   0   0   0   0   0   0   0   0   0   1   0   
The sentence cost for greedy decoding : 7.04
9.4 1.8 5.3 5.4 4.9 6.0 4.1 4.2 5.4 4.2 6.9 5.2 2.3 5.2 5.2 5.0 2.3 5.4 5.3 4.5 3.6 5.0 5.3 4.8 4.7 5.6 6.3 7.0 4.6 4.7 4.8 6.4 
1   0   0   0   0   0   0   0   0   0   1   1   0   0   0   0   0   0   0   0   0   1   0   0   0   0   1   1   0   1   0   1   
The sentence cost for orcale segmentation : 5.93
re-do 吗 </s> 他 讲 我的 天 过后 有 叫 你们 redo 吗 </s> follow rules ah </s> same with us ah 我们 也是 每个人 </s> individually 还是 one group 一起 去 


8.0 6.5 7.0 6.0 6.1 6.0 3.1 2.8 4.8 4.8 6.1 2.2 4.6 5.3 4.9 5.3 5.4 5.4 4.9 5.0 4.4 5.0 4.2 5.5 5.1 5.1 5.7 6.6 3.3 2.8 4.8 4.4 
9.3 8.4 8.4 7.9 7.5 7.8 7.4 6.9 7.1 6.8 8.0 6.5 5.4 7.6 6.8 7.7 7.2 7.5 6.1 7.1 5.9 6.2 5.9 7.0 6.3 6.0 6.0 7.0 4.2 1.8 5.2 4.7 
0   0   0   0   0   0   0   0   0   0   0   0   0   0   0   0   0   0   0   0   0   0   0   0   0   0   0   0   0   1   0   0   
The sentence cost for greedy decoding : 5.30
8.0 6.5 7.0 6.0 7.5 3.7 3.4 2.5 4.8 4.7 5.7 1.9 4.7 5.4 5.2 5.3 5.6 5.4 5.0 4.9 4.3 4.8 4.2 5.4 6.3 3.4 5.3 6.4 3.3 2.7 4.9 4.4 
0   0   0   0   1   1   0   0   0   0   0   0   0   0   0   0   0   0   0   0   0   0   0   0   1   0   0   0   0   0   0   1   
The sentence cost for orcale segmentation : 4.47
通常 会 讲故事的 是 比较 popular 的 啊 你 也是 知道的 啊 </s> 会 啊 这样 呆着 我 觉得 很好 啊 </s> 让 我 感觉 i am a d j </s> then 


8.0 7.4 5.0 3.8 3.7 2.3 4.2 2.8 7.9 0.0 5.4 4.6 4.9 4.5 4.1 4.2 4.6 5.3 5.0 5.1 4.5 4.7 4.6 4.9 4.8 5.0 4.3 5.6 3.9 5.1 2.3 3.4 
8.4 8.7 7.5 6.7 5.6 5.3 7.6 6.3 8.4 4.3 5.7 5.6 5.6 6.8 6.6 5.8 4.6 7.0 6.8 7.9 7.0 5.2 6.0 5.5 7.4 6.8 4.7 5.3 6.1 6.5 6.4 4.8 
0   0   0   0   0   0   0   0   0   0   0   0   0   0   0   0   0   0   0   0   0   0   0   0   0   0   0   1   0   0   0   0   
The sentence cost for greedy decoding : 5.62
8.4 6.9 7.9 4.5 6.2 4.8 7.3 1.4 6.5 0.4 5.7 4.4 4.7 4.6 4.0 4.4 4.6 5.2 5.0 4.8 4.4 4.8 4.5 4.8 4.5 4.8 5.0 4.4 3.9 4.4 3.2 3.5 
1   0   1   1   1   1   1   0   0   0   0   0   0   0   0   0   0   0   0   0   0   0   0   0   0   0   1   1   0   0   0   0   
The sentence cost for orcale segmentation : 4.79
so 我是 用 software 来 simulate 一些 power processor elements </s> 可能 说 我 读 这个 东西 会 花 很多 的 时间 读 </s> 比较 容易 啦 then 我 读 的 时候 


7.0 1.8 1.7 4.7 3.8 4.9 6.3 6.3 5.7 5.6 5.8 5.1 5.8 6.5 5.9 6.3 6.4 5.2 5.8 7.8 6.0 5.4 4.9 4.8 4.8 4.3 3.6 5.9 4.6 4.4 2.6 3.7 
9.4 8.5 7.0 7.1 7.8 6.0 6.7 6.6 6.0 6.3 7.0 7.5 7.1 6.8 6.3 6.9 6.6 6.2 5.9 7.6 6.6 5.9 4.9 7.0 6.8 4.4 4.4 6.0 5.2 4.9 4.4 4.7 
0   0   0   0   0   0   0   0   0   0   0   0   0   0   0   0   0   0   0   1   0   0   1   0   0   0   0   0   0   0   0   0   
The sentence cost for greedy decoding : 6.66
7.0 1.8 1.7 4.7 3.8 4.9 6.3 6.3 5.7 5.6 5.8 5.1 5.8 6.5 5.9 6.3 6.4 5.2 5.9 5.9 6.0 5.3 4.9 4.8 4.9 4.2 3.4 5.9 4.6 4.2 2.5 3.7 
0   0   0   0   0   0   0   0   0   0   0   0   0   0   0   0   0   0   1   0   0   0   0   0   0   0   0   0   0   0   0   0   
The sentence cost for orcale segmentation : 6.06
一五八 唉 四十二 公斤 唉 </s> 哇 然后 就 然后 现在 叫 她 吃东西 她 会 生你的气 </s> 就 like </s> she sometimes she won't care what her family members says then 


6.1 5.4 3.7 6.2 3.4 4.9 6.2 6.4 4.0 1.2 5.0 4.0 4.9 5.1 5.7 5.6 5.4 4.4 5.6 6.1 4.9 3.6 5.3 4.7 5.9 3.5 1.1 3.9 1.3 3.5 3.5 4.7 
6.8 5.9 4.2 5.9 5.3 6.8 7.4 5.9 6.2 3.2 5.0 4.7 6.3 6.5 7.7 5.8 6.7 5.8 6.8 6.8 5.5 5.7 5.8 6.4 7.1 6.6 4.3 5.1 4.1 6.5 4.6 4.8 
0   0   0   1   0   0   0   1   0   0   0   0   0   0   0   0   0   0   0   0   0   0   0   0   0   0   0   0   0   0   0   0   
The sentence cost for greedy decoding : 5.40
6.1 5.4 4.2 5.2 3.2 4.8 6.1 6.1 3.9 1.2 5.0 3.9 4.9 5.1 7.8 4.0 5.0 4.6 5.5 5.8 4.9 3.1 5.3 4.5 7.1 5.0 2.9 3.7 1.1 3.7 3.7 4.5 
0   0   1   1   0   0   0   1   0   0   0   0   0   0   1   1   0   0   0   0   0   0   0   0   1   0   0   0   0   0   0   0   
The sentence cost for orcale segmentation : 4.60
i respect but 啧 i have my own 自由 啦 </s> 因为 家里 是 有 but 你 可能 自己 会 觉得 嗯 可能 我 是 free thinker that kind of thing </s> 


8.9 6.9 6.9 6.2 5.3 5.0 3.6 3.3 5.9 4.4 5.3 3.9 5.8 0.5 5.2 6.3 6.9 7.3 4.1 5.0 4.6 3.4 5.3 6.4 6.0 7.5 4.6 4.0 2.0 5.4 5.3 5.0 
9.5 7.9 7.5 6.5 6.8 6.9 6.2 5.6 5.2 5.4 6.8 5.2 7.0 4.4 5.3 7.3 6.9 6.7 4.7 7.0 6.6 5.9 5.0 7.2 6.4 6.9 5.7 4.7 5.0 5.8 6.1 5.2 
0   0   0   0   0   0   0   0   1   0   0   0   0   0   0   0   0   1   0   0   0   0   1   0   0   1   0   0   0   0   0   0   
The sentence cost for greedy decoding : 7.45
8.9 6.9 6.9 6.5 6.0 6.5 2.1 3.6 5.9 3.1 5.2 4.1 5.7 0.5 5.1 7.3 5.8 5.6 4.6 6.7 4.9 4.0 4.7 5.8 6.1 7.2 4.4 3.7 2.1 5.5 5.1 4.7 
0   0   0   1   0   0   0   0   0   0   0   0   0   0   0   1   1   0   1   1   0   0   1   0   0   0   0   0   0   0   0   0   
The sentence cost for orcale segmentation : 6.47
还没有 到 还没有 到 great grandchildren oh i share with you something very curious </s> my 我的 family oh 就是 pass down since 我的 </s> parent's time oh tsk guys must follow 


7.9 7.3 4.7 3.9 6.4 4.9 6.2 3.2 6.0 5.3 4.4 1.7 2.5 5.3 2.5 3.8 4.9 5.2 5.1 5.3 5.9 6.0 3.8 7.1 4.6 4.1 3.0 4.0 1.4 5.3 5.5 5.6 
7.7 7.0 6.2 4.5 7.5 5.1 4.5 3.8 7.1 5.0 6.8 4.4 4.5 5.4 6.6 4.5 6.0 5.8 6.2 5.6 6.1 6.2 1.9 8.1 4.8 4.6 3.6 5.2 4.5 6.9 6.8 6.7 
1   1   0   0   0   0   1   0   0   1   0   0   0   0   0   0   0   0   0   0   0   0   1   0   0   0   0   0   0   0   0   0   
The sentence cost for greedy decoding : 7.00
7.9 6.6 4.6 3.7 6.3 5.0 2.3 3.6 5.4 5.3 3.1 2.9 3.1 5.2 2.6 3.9 4.9 5.2 5.1 5.3 6.0 5.9 3.7 7.5 3.4 3.0 3.1 3.1 4.4 4.5 5.7 6.7 
0   0   0   0   0   1   0   1   0   0   0   0   0   0   0   0   0   0   0   0   0   0   0   1   1   0   1   0   1   0   0   1   
The sentence cost for orcale segmentation : 5.43
c er we concentrate more on 读书 啦 not on ah relationship but </s> 那时 候 我 有一个 朋友 她 已经 她在 外面 有 boyfriend 了 啦 then ah 他们 就有 去 


8.8 6.7 5.6 5.2 5.4 4.5 6.2 4.4 3.0 3.0 3.8 4.8 4.9 4.6 5.1 2.8 5.6 5.2 4.8 4.3 5.3 5.0 4.8 4.7 4.6 5.2 4.8 5.5 4.9 5.2 5.1 5.2 
9.4 8.6 7.4 7.2 6.6 4.8 6.3 5.1 4.3 6.7 5.0 6.4 5.3 3.6 6.5 5.4 5.8 6.6 5.1 5.2 6.5 6.4 6.0 5.5 6.0 6.5 6.3 6.5 6.2 6.1 6.4 6.5 
0   0   0   0   0   0   0   0   0   0   0   0   0   1   0   0   0   0   0   0   0   0   0   0   0   0   0   0   0   0   0   0   
The sentence cost for greedy decoding : 5.63
8.8 6.7 5.6 5.2 6.6 4.1 5.5 4.5 4.2 2.6 3.6 6.3 2.9 3.9 6.5 4.0 6.1 5.2 4.6 4.3 5.3 6.4 4.3 5.1 4.5 5.1 4.8 5.4 4.8 5.2 5.1 5.1 
0   0   0   0   1   0   0   0   1   0   0   1   0   1   1   0   0   0   0   0   0   1   0   0   0   0   0   0   0   0   0   0   
The sentence cost for orcale segmentation : 4.63
我的 朋友 他 去 他 apply for next sem 的 所以 他 next sem 去 canada </s> 呃 不知道 诶 他 去 montreal </s> 所以 他 去 他 他们 都会 去 六个 


8.4 0.9 5.1 4.4 4.7 5.4 4.3 3.9 3.8 4.4 2.9 3.0 4.2 4.9 6.1 8.0 1.6 1.5 5.3 5.9 4.2 4.6 5.2 3.9 3.7 4.9 4.8 5.6 4.6 5.4 5.1 4.3 
9.1 6.1 5.7 6.8 4.6 5.6 4.9 3.7 5.7 6.0 6.5 6.7 4.9 5.5 6.3 8.3 5.5 3.7 6.5 7.8 4.2 4.9 5.4 5.3 6.0 5.0 4.7 6.2 6.4 5.6 5.2 4.4 
0   0   0   0   1   0   0   1   0   0   0   0   0   0   0   0   0   0   0   0   0   0   0   0   0   0   1   0   0   0   0   0   
The sentence cost for greedy decoding : 6.18
8.4 0.9 5.1 4.4 4.7 5.4 4.2 3.9 4.3 4.8 1.7 2.5 4.3 5.2 6.2 5.7 2.3 3.4 5.6 4.2 4.1 4.8 5.3 5.4 3.0 5.0 4.6 4.9 4.1 5.5 5.1 4.2 
0   0   0   0   0   0   0   0   1   1   0   0   0   0   1   0   0   1   0   0   0   0   0   1   0   0   0   0   0   0   0   0   
The sentence cost for orcale segmentation : 4.93
happen la in the future </s> but anyway okay 啦 most most people are still 很 厉害 啦 ao most scholars so still okay 啦 </s> so army was like that then 


7.6 1.8 5.8 4.3 5.2 4.6 6.0 1.2 5.9 5.0 3.7 5.9 6.6 1.5 5.2 5.1 5.1 4.8 4.5 4.4 4.8 7.0 5.2 5.3 2.4 5.7 5.2 5.6 4.9 6.0 5.0 5.6 
9.1 7.3 6.2 5.9 7.2 6.2 6.7 5.7 5.9 6.5 4.6 5.7 7.8 4.3 7.3 6.6 7.0 6.2 7.0 5.4 6.3 6.1 4.7 6.7 6.2 6.6 6.4 7.5 6.7 6.7 6.4 6.3 
0   0   0   0   0   0   0   0   1   0   0   1   0   0   0   0   0   0   0   0   0   1   1   0   0   0   0   0   0   0   0   0   
The sentence cost for greedy decoding : 6.56
7.6 1.8 5.8 4.3 5.2 4.6 6.0 1.2 5.9 4.8 4.0 5.6 6.2 4.4 4.6 5.4 4.0 4.7 4.0 4.4 6.5 3.9 4.2 5.2 1.9 5.6 6.9 1.2 4.5 5.7 4.7 5.1 
0   0   0   0   0   0   0   0   0   0   0   0   0   1   0   0   0   0   0   0   1   0   1   0   0   0   1   1   0   0   0   0   
The sentence cost for orcale segmentation : 5.60
bus bus </s> 啊 有的 睡 </s> en from a place to another place 看你 从 哪里 到 哪里 </s> 因为 new zealand 是 很大 不 像 singapore 你 到 哪里 到 


8.6 7.8 0.8 0.7 5.7 4.6 4.4 4.7 5.6 5.5 5.8 5.2 4.1 4.8 6.2 4.7 5.7 5.3 5.5 2.9 4.9 6.5 4.0 5.4 3.7 5.3 6.6 5.5 1.0 3.5 4.7 4.5 
8.8 8.1 6.1 5.0 7.7 6.8 5.6 4.9 7.0 7.0 6.1 6.2 4.8 6.4 6.3 4.7 6.4 6.6 6.0 4.3 5.1 6.7 4.4 6.0 4.2 6.3 7.4 5.1 5.0 4.5 5.0 4.3 
0   0   0   0   0   0   0   0   0   0   0   0   0   0   0   1   0   0   0   0   0   0   0   0   0   0   0   1   0   0   0   1   
The sentence cost for greedy decoding : 5.72
8.6 7.8 0.8 5.0 4.0 5.2 4.1 4.9 5.5 5.4 5.8 6.1 3.9 4.3 5.0 4.7 5.1 5.3 5.2 2.3 4.8 6.4 4.0 5.5 3.7 5.4 6.7 5.3 1.7 3.1 4.5 4.4 
0   0   0   1   0   0   0   0   0   0   0   1   0   1   0   0   0   0   0   0   0   0   0   0   0   0   0   0   0   0   0   0   
The sentence cost for orcale segmentation : 4.65
very short fuse ah 好像 她有时候 讲话 虽然 是 我 </s> 我 look back 我 觉得 她 还是 </s> that's not the way to talk to my mother loh yeah </s> so 


8.0 5.5 5.2 4.5 4.4 5.0 5.6 4.5 5.6 5.6 4.4 2.9 5.6 5.4 5.0 4.6 5.1 4.2 5.0 4.8 5.0 4.4 5.3 3.9 5.0 4.3 5.8 4.7 5.5 5.9 3.2 3.2 
9.5 8.1 7.7 7.0 5.0 6.8 6.7 5.6 7.1 7.2 6.5 4.1 6.0 6.7 6.6 5.4 5.8 7.1 6.8 7.1 6.9 5.8 7.2 7.7 6.9 6.2 6.8 6.3 6.6 7.4 5.4 6.7 
0   0   0   0   0   0   0   0   0   0   0   0   0   0   0   0   0   0   0   0   0   0   0   0   0   0   0   0   0   0   0   0   
The sentence cost for greedy decoding : 5.49
8.0 5.5 5.2 4.5 4.4 5.0 5.6 4.5 5.6 5.6 4.4 2.9 5.6 5.4 5.0 4.6 5.1 4.2 5.0 4.8 5.0 4.4 5.3 3.9 5.0 4.3 5.8 4.7 5.5 5.9 3.2 3.2 
0   0   0   0   0   0   0   0   0   0   0   0   0   0   0   0   0   0   0   0   0   0   0   0   0   0   0   0   0   0   0   0   
The sentence cost for orcale segmentation : 5.49
日本 公司 做 久 了 你 会 觉得 你 很 讨厌 日本人 </s> 不会 不 之前 </s> 哎哟 他们 怎样 很难 解释 他们 有些 你 真的 可以 讲 他们是 很 工作狂 的 


7.8 6.9 6.2 4.9 3.1 5.3 6.2 2.2 5.2 4.7 2.9 5.3 5.0 5.4 3.4 5.1 5.1 5.4 4.6 2.4 3.1 6.4 5.9 3.5 4.2 4.5 1.8 5.0 4.5 4.4 5.0 5.2 
7.9 7.6 7.1 5.8 5.2 6.7 6.7 5.2 5.8 7.1 6.0 6.8 5.7 6.5 5.1 6.1 6.5 7.2 6.0 4.6 4.5 7.5 7.3 6.7 7.3 6.1 3.7 5.3 5.2 6.6 6.1 6.8 
0   0   0   0   0   0   0   0   0   0   0   0   0   0   0   0   0   0   0   0   0   0   0   0   0   0   0   0   0   0   0   0   
The sentence cost for greedy decoding : 5.82
7.8 6.9 6.2 4.9 3.1 5.3 6.7 1.1 5.3 7.1 1.3 5.2 4.6 5.3 2.6 4.9 4.8 5.4 4.3 2.3 2.9 6.1 5.9 3.6 4.0 4.6 1.9 5.0 4.6 4.4 5.0 5.2 
0   0   0   0   0   0   1   0   0   1   0   0   0   0   0   0   0   0   0   0   0   0   0   0   0   0   0   0   0   0   0   0   
The sentence cost for orcale segmentation : 5.91
</s> 二 就有 这个 问题 三 你的 air-con </s> pom 一声 我 就 不能 了 我 就是 很 怕 嘛 因为 毕竟 是 学校 的 地方 嘛 </s> 然后 他 又 这样 


7.8 6.5 3.0 4.2 4.8 5.0 4.6 3.1 5.4 5.0 5.2 5.4 5.4 3.3 5.8 4.4 4.0 2.5 4.7 4.2 6.1 3.9 4.5 5.2 5.0 5.4 4.9 4.8 3.9 4.4 4.7 4.5 
9.7 8.8 6.6 4.2 4.9 6.8 7.6 6.3 8.0 7.3 6.8 7.2 7.0 5.3 7.9 6.4 7.1 4.6 5.7 5.8 7.4 7.7 5.8 7.0 6.4 6.4 6.3 7.2 6.5 7.2 6.0 7.4 
0   0   0   1   0   0   0   0   0   0   0   0   0   0   0   0   0   0   0   0   0   0   0   0   0   0   0   0   0   0   0   0   
The sentence cost for greedy decoding : 5.74
7.8 6.5 3.0 4.2 4.7 5.0 4.6 2.7 5.3 5.2 5.1 5.5 5.5 3.3 5.9 4.5 4.1 2.9 4.6 5.7 4.3 4.3 5.1 5.2 5.1 5.4 4.9 4.7 3.6 4.3 4.7 4.5 
0   0   0   0   0   0   0   0   0   0   0   0   0   0   0   0   0   0   0   1   1   0   0   0   0   0   0   0   0   0   0   0   
The sentence cost for orcale segmentation : 5.26
看 他 破 屋子 </s> 是 什么 厕所 没有 关 他们 每次 讲 厕所 没有 关 的 嘛 </s> 啊 china 的 </s> 然后 我 就 去 看 咯 诶 </s> 有 


9.3 8.3 2.6 4.5 5.2 5.1 5.9 4.7 5.5 4.8 4.8 4.4 5.6 4.9 4.8 5.3 5.1 3.6 4.7 5.4 4.3 3.6 3.5 3.9 4.2 4.5 4.8 4.5 3.4 4.9 3.8 4.6 
9.6 9.1 7.9 6.1 6.5 7.1 6.6 6.8 7.6 6.6 7.6 6.2 6.9 7.1 5.9 5.9 7.2 6.2 7.3 7.5 7.1 7.2 7.2 5.3 5.3 7.5 7.3 7.8 6.1 7.6 6.9 7.3 
0   0   0   0   0   0   0   0   0   0   0   0   0   0   0   0   0   0   0   0   0   0   0   0   0   0   0   0   0   0   0   0   
The sentence cost for greedy decoding : 4.96
9.3 9.1 5.0 4.5 5.0 5.0 5.7 4.7 5.3 4.4 3.9 3.9 5.5 4.4 4.8 5.8 5.2 3.7 5.2 5.0 4.3 3.7 3.5 3.9 4.2 4.5 4.7 4.5 3.5 7.6 2.5 4.1 
0   1   1   0   0   0   0   0   0   0   0   0   0   0   0   1   0   0   0   0   0   0   0   0   0   0   0   0   0   1   1   0   
The sentence cost for orcale segmentation : 4.93
一 个 website 都 可能 你 要 花 很 多 的 时间 在 那边 </s> translate 啊 理解 它 的 意思 这样 的 东西 </s> 我 的 英文 名 是 lim-chin-yee 我 


8.3 7.1 5.2 5.8 5.8 4.8 5.9 4.9 5.2 4.7 5.3 4.8 4.0 2.9 4.7 5.3 5.0 5.4 4.1 4.2 1.6 3.9 4.2 4.0 4.5 5.5 3.8 3.6 4.8 5.3 5.0 5.7 
9.3 8.9 7.2 7.0 6.6 6.6 7.4 5.6 6.5 6.9 6.8 7.4 4.2 5.2 6.0 6.2 6.7 6.5 7.0 7.9 6.3 6.9 3.8 5.1 5.6 6.2 5.0 6.3 6.1 6.6 6.9 6.9 
0   0   0   0   0   0   0   0   0   0   0   0   0   0   0   0   0   0   0   0   0   0   1   0   0   0   0   0   0   0   0   0   
The sentence cost for greedy decoding : 4.66
8.3 7.1 5.2 5.8 5.8 4.8 5.9 4.9 5.2 4.7 5.3 4.8 4.0 2.9 4.7 5.3 5.0 5.4 4.1 4.2 1.6 3.9 4.2 3.3 5.2 3.9 3.6 3.9 4.9 5.4 4.9 5.7 
0   0   0   0   0   0   0   0   0   0   0   0   0   0   0   0   0   0   0   0   0   0   0   0   1   1   0   0   0   0   0   0   
The sentence cost for orcale segmentation : 4.08
是 出了 你 就会 </s> 不是 不能 讲 你 学 到 什么 东西 啊 就 </s> 你 会 看到 很多 不同 的 东西 这样 子 then 过后 他 就 一直 鼓励 我 


7.3 6.1 3.3 5.3 6.2 5.4 5.0 5.4 4.9 4.9 4.9 5.1 3.8 5.5 3.1 3.8 5.1 5.6 4.8 4.7 5.3 3.7 4.0 3.9 4.7 4.7 3.9 3.8 4.9 4.8 3.0 4.8 
8.4 7.3 6.8 7.3 7.8 7.3 6.7 7.1 6.8 7.3 7.4 6.8 7.8 8.0 5.7 5.8 6.4 6.4 6.2 5.8 6.6 4.2 5.3 5.1 6.8 6.5 6.2 5.9 6.5 6.2 4.5 5.9 
0   0   0   0   0   0   0   0   0   0   0   0   0   0   0   0   0   0   0   0   0   0   0   0   0   0   0   0   0   0   0   0   
The sentence cost for greedy decoding : 5.12
7.3 6.1 3.3 5.3 6.2 5.4 5.0 5.4 4.9 4.9 4.9 5.1 3.8 5.5 3.1 3.8 5.1 5.6 4.8 4.7 5.3 3.7 5.3 4.2 4.6 5.3 4.3 4.2 4.9 4.9 3.0 4.8 
0   0   0   0   0   0   0   0   0   0   0   0   0   0   0   0   0   0   0   0   0   0   1   1   0   0   0   0   0   0   0   0   
The sentence cost for orcale segmentation : 5.04
应该 是 渐渐 有人 有 可是 我 还是 看到 身边 的 人 很多 没有 哦 因为 我 </s> 我 觉得 很 重要 啊 confidence 即使 好像 因为 因为 我 不知道 啦 可能 


8.9 6.0 6.1 6.3 3.8 5.2 5.5 6.3 6.8 5.7 4.1 6.3 5.6 5.3 3.7 2.3 5.0 2.1 3.7 5.3 5.4 4.5 7.2 6.5 5.6 6.1 5.0 5.2 4.4 5.3 4.7 5.2 
9.7 7.2 7.4 7.6 6.4 7.1 5.6 7.6 7.6 7.3 7.2 7.7 7.7 7.4 6.1 5.6 7.7 6.7 6.0 6.0 7.3 6.3 8.0 7.8 7.5 6.9 7.0 6.6 7.2 7.5 6.5 6.6 
0   0   0   0   0   0   0   0   0   0   0   0   0   0   0   0   0   0   0   0   0   0   0   0   0   0   0   0   0   0   0   0   
The sentence cost for greedy decoding : 7.10
9.7 6.3 5.9 6.3 3.6 5.0 5.5 5.8 6.4 5.5 3.1 7.6 5.1 7.2 4.3 1.9 4.7 3.1 2.6 5.2 5.4 6.2 5.8 5.7 7.0 4.7 5.1 6.9 3.2 4.6 3.2 6.5 
1   1   0   0   0   0   0   0   0   0   0   1   1   1   1   0   0   0   0   0   0   1   1   0   1   1   0   1   1   0   0   1   
The sentence cost for orcale segmentation : 6.39
变成 okay 你 变成 每 一天 都 好像 要 去 每 一个 site 去 patrol 这样 就是 巡逻 啊 </s> 回去 这个 site 好像 什么 material 不够 好像 sand 没有 了 还是 


7.7 6.3 5.0 3.9 5.3 3.6 3.4 4.0 5.7 4.9 4.9 6.9 3.2 3.4 4.7 5.2 4.6 3.1 3.7 5.8 4.0 3.0 3.2 2.1 2.9 3.0 4.7 3.7 3.9 2.8 4.7 4.1 
8.9 8.9 8.3 8.1 8.0 5.0 5.7 6.9 7.4 7.5 6.7 7.6 6.6 4.6 5.5 7.3 6.8 6.4 6.1 7.5 5.4 6.1 5.9 6.6 7.2 7.5 7.4 7.0 6.9 5.8 6.4 5.8 
0   0   0   0   0   0   0   0   0   0   0   0   0   0   0   0   0   0   0   0   0   0   0   0   0   0   0   0   0   0   0   0   
The sentence cost for greedy decoding : 7.08
8.9 6.8 5.5 3.5 5.3 3.6 3.3 3.9 5.8 4.8 4.9 6.9 3.2 3.3 4.6 5.3 4.2 2.9 3.8 5.8 4.0 6.1 4.2 3.2 7.2 4.7 4.2 4.8 3.1 5.2 3.2 4.1 
1   0   0   0   0   0   0   0   0   0   0   0   0   0   0   0   0   0   0   0   0   1   1   0   1   1   0   0   0   1   0   0   
The sentence cost for orcale segmentation : 6.26
mean 那些 啊 所有 的 条件 啊 该 符合 的 都 已经 符合 了 </s> 不该 符合 的 也 符合 了 应该 consider 的 那些 point 全部 都有 进去 了 so i 


8.8 7.3 5.5 4.9 5.2 6.6 4.6 4.9 6.9 6.0 3.3 5.4 5.1 4.2 4.9 4.0 5.5 5.3 3.7 4.1 5.8 4.6 3.7 2.8 4.8 4.5 5.4 5.2 4.4 6.0 4.3 2.5 
9.4 7.7 5.6 5.0 5.5 7.0 5.7 6.6 6.7 5.3 4.8 5.5 4.1 4.7 5.0 4.4 5.7 7.0 5.5 4.7 6.6 6.2 3.6 5.5 5.3 6.2 7.2 6.3 5.6 6.3 6.1 5.8 
0   0   0   0   0   0   0   0   1   1   0   0   1   0   0   0   0   0   0   0   0   0   1   0   0   0   0   0   0   0   0   0   
The sentence cost for greedy decoding : 5.89
8.8 7.3 5.5 4.9 5.5 4.9 4.8 5.2 7.2 4.7 2.4 5.1 3.9 4.4 5.4 3.9 5.5 5.4 4.1 4.4 5.8 4.7 4.0 1.9 4.7 4.7 5.6 5.4 4.6 6.2 4.6 2.4 
0   0   0   0   1   0   0   0   0   0   0   0   1   0   0   0   0   0   0   0   0   0   0   0   0   0   0   0   0   0   0   0   
The sentence cost for orcale segmentation : 5.21
night from morning until evening 你 都 看到 同一个 人 了 </s> then 放工 了 过后 就 比较 少 说 会 一起 出来 啦 </s> 现在 没有 办法 啊 剩 两个 了 


6.1 4.3 5.5 5.1 3.7 5.3 5.0 4.2 5.8 4.8 4.6 3.2 4.6 4.9 4.3 4.6 5.0 4.8 3.0 3.8 4.5 5.3 5.3 5.2 4.5 5.3 4.8 3.5 4.8 5.7 5.3 3.6 
6.8 4.9 5.6 6.4 5.0 7.0 6.2 6.0 6.9 6.2 6.6 6.5 5.8 6.7 6.1 6.3 6.2 6.1 4.9 5.7 3.7 6.9 6.2 6.1 6.5 6.4 6.0 4.6 4.9 5.7 6.0 4.6 
0   0   0   0   0   0   0   0   0   0   0   0   0   0   0   0   0   0   0   0   1   0   0   0   0   0   0   0   0   0   0   0   
The sentence cost for greedy decoding : 6.14
6.1 4.3 5.5 5.1 3.7 5.3 5.0 4.2 5.8 4.8 4.6 3.2 4.6 4.9 4.3 4.6 5.0 4.8 3.0 5.7 3.6 5.7 5.5 5.3 6.5 5.4 4.6 4.5 4.8 5.6 5.3 4.6 
0   0   0   0   0   0   0   0   0   0   0   0   0   0   0   0   0   0   0   1   0   0   0   0   1   0   0   0   0   0   0   1   
The sentence cost for orcale segmentation : 5.63
four mah </s> 就 八十 我 拿 了 一 三 九 啊 </s> 一 三 九 八十六 </s> okay kay 让 我 拿出 我 的 calculator </s> area five </s> top one 


5.2 5.2 4.8 5.0 5.0 5.8 0.9 4.8 4.2 5.1 5.6 5.2 7.8 7.6 4.3 5.7 5.7 5.4 5.7 4.9 4.5 4.0 4.4 5.5 5.2 4.0 5.5 4.4 4.1 3.7 5.8 6.1 
6.4 6.7 6.2 5.0 5.0 7.2 3.2 5.1 3.9 4.6 6.8 6.6 7.6 8.0 6.1 5.7 6.1 5.5 5.6 5.2 4.3 7.4 5.5 6.3 7.2 4.9 5.6 4.3 5.7 4.7 6.7 5.3 
0   0   0   0   1   0   0   0   1   1   0   0   1   0   0   0   0   0   1   0   1   0   0   0   0   0   0   1   0   0   0   1   
The sentence cost for greedy decoding : 6.58
5.2 5.2 4.8 5.0 5.0 5.4 1.4 4.8 3.9 5.2 5.4 7.1 5.7 6.5 6.4 4.8 5.2 5.4 6.0 4.4 4.6 4.7 5.6 4.3 5.2 4.0 5.3 4.3 4.7 4.0 5.8 6.0 
0   0   0   0   0   0   0   0   1   0   0   1   1   0   1   1   0   0   0   0   1   0   1   0   0   0   0   0   0   0   0   0   
The sentence cost for orcale segmentation : 4.73
就 很 多 她 就 很 大只 </s> then 就 每次 有 like 糖尿病 这种 then 就 不可以 喝 </s> then 在外 面 they will make you exercise and eat those healthy 


4.9 5.0 4.2 5.8 4.9 3.7 2.9 2.5 3.9 2.8 4.2 4.7 5.5 5.9 5.5 5.4 4.3 4.6 4.0 5.6 4.5 8.4 3.4 2.3 4.9 2.0 4.8 2.0 5.6 4.9 3.5 5.0 
6.0 5.9 4.8 6.5 6.2 3.9 2.6 5.2 5.2 5.5 4.4 6.3 5.6 6.1 5.8 5.7 4.6 4.5 5.2 6.3 3.1 7.1 4.8 4.1 5.0 5.1 5.2 5.3 6.0 7.3 6.2 6.6 
0   0   0   0   0   0   1   0   0   0   0   0   0   0   0   0   0   1   0   0   1   1   0   0   0   0   0   0   0   0   0   0   
The sentence cost for greedy decoding : 5.76
4.9 5.0 4.8 5.2 5.2 3.6 2.9 4.2 2.8 3.2 4.2 4.7 5.4 5.8 5.3 5.3 4.3 4.7 4.4 5.0 4.6 7.6 2.2 3.0 5.0 2.2 4.9 1.9 5.6 5.0 3.5 4.9 
0   0   1   0   0   0   0   1   0   0   0   0   0   0   0   0   0   0   1   0   0   1   1   0   0   0   0   0   0   0   0   0   
The sentence cost for orcale segmentation : 4.76
就 </s> ya 就 不 在一起 了 咯 but i think they are still like </s> on friends ya 就 还 挺 friendly 这样 </s> 嗯 </s> 或者 </s> 啧 唉呀 我 


5.5 4.6 5.1 5.2 5.2 6.1 5.0 5.0 4.0 6.1 6.0 4.9 4.3 4.9 5.0 5.1 3.9 4.2 5.9 5.2 5.1 4.4 3.9 5.0 4.6 4.8 3.7 4.3 5.8 3.4 4.0 4.4 
6.2 5.3 5.3 4.9 4.2 6.9 5.2 5.8 4.1 6.2 6.3 5.4 5.9 6.9 5.4 5.9 5.6 6.5 6.7 6.6 5.9 4.2 6.4 5.1 5.9 5.6 4.5 4.2 5.0 5.5 4.3 5.4 
0   0   0   1   1   0   0   0   0   0   0   0   0   0   0   0   0   0   0   0   0   1   0   0   0   0   0   1   1   0   0   0   
The sentence cost for greedy decoding : 6.49
5.5 4.6 5.1 5.2 5.0 4.7 4.4 4.8 4.1 4.4 5.2 4.8 4.2 5.0 4.9 5.1 3.9 4.2 5.9 6.9 3.5 4.8 4.5 4.6 4.8 5.5 3.6 4.3 5.2 4.2 3.9 4.9 
0   0   0   0   1   0   0   0   1   0   0   0   0   0   0   0   0   0   0   1   0   0   0   0   0   1   1   0   0   0   0   0   
The sentence cost for orcale segmentation : 5.50
他 就 </s> 就 起初 in the first place 我 会 一直 找不到 那 架 是 因为 那 架 没有 i p address </s> 后来 我 reboot 了 这 三架 之后 那架 


4.8 4.1 4.6 4.8 5.1 5.3 4.9 5.2 3.9 5.6 5.0 4.3 4.3 4.1 4.5 6.1 5.1 4.7 2.0 5.1 5.3 5.2 5.4 7.0 5.4 4.8 5.7 5.2 4.0 0.7 5.5 4.8 
5.8 6.8 6.2 6.7 5.5 7.0 6.8 5.6 6.7 6.6 6.5 5.8 6.2 4.7 6.4 8.1 7.3 6.3 3.7 5.4 7.4 6.3 7.1 8.2 6.7 6.6 7.0 6.3 4.5 5.5 7.9 6.9 
0   0   0   0   0   0   0   0   0   0   0   0   0   0   0   0   0   0   0   0   0   0   0   0   0   0   0   0   0   0   0   0   
The sentence cost for greedy decoding : 6.10
4.8 4.1 4.6 4.8 5.1 5.3 4.9 5.2 3.9 5.6 5.0 4.3 4.3 4.1 4.5 6.1 5.1 4.7 2.0 5.1 5.3 5.2 5.4 7.0 5.4 4.8 5.7 5.2 4.0 0.7 5.5 4.8 
0   0   0   0   0   0   0   0   0   0   0   0   0   0   0   0   0   0   0   0   0   0   0   0   0   0   0   0   0   0   0   0   
The sentence cost for orcale segmentation : 6.10
二 三 四 五 </s> 他 第一 第一套 跟 第一个 人 讲 第二套 当然 不会讲 第一套 的 东西 啦 </s> 他 </s> 你 听起来 你 觉得 超准 </s> 小声 小声 你 好 


5.7 5.4 4.9 4.2 5.7 4.3 4.6 4.3 3.1 6.4 4.9 5.4 5.9 6.7 3.5 3.7 2.9 4.8 5.2 6.2 3.3 6.0 3.2 5.6 5.7 5.3 6.2 5.6 0.9 4.2 5.9 6.1 
5.6 5.5 4.6 5.3 7.2 6.1 4.9 4.1 4.9 7.3 5.3 6.0 6.4 7.9 5.1 6.1 3.1 5.1 5.8 7.6 5.6 7.7 4.0 6.3 4.9 5.2 7.4 7.1 5.8 7.4 7.2 7.6 
1   0   1   0   0   0   0   1   0   0   0   0   0   0   0   0   0   0   0   0   0   0   0   0   1   1   0   0   0   0   0   0   
The sentence cost for greedy decoding : 5.54
5.7 5.7 4.4 4.1 5.8 6.0 4.3 4.2 3.2 5.6 5.0 4.9 6.0 6.3 4.0 3.4 2.3 4.7 5.2 6.1 3.6 5.9 3.3 5.5 5.8 4.8 6.4 5.9 1.0 5.3 6.1 6.2 
0   0   1   0   0   1   0   0   1   0   0   0   0   0   0   0   0   0   0   0   0   0   0   0   0   0   0   0   0   0   0   0   
The sentence cost for orcale segmentation : 5.40
something like that 哦 我的 妹妹 but then storyline 是 讲 说 他们是 双胞胎 来 的 啦 </s> 就 一 男 一 女 的 双胞胎 松本润 和 那个 女 的 是 一 


4.3 5.0 4.9 2.9 4.4 2.9 4.3 2.4 4.3 2.1 4.5 2.8 4.4 0.2 4.3 5.1 5.0 3.9 4.9 5.2 5.5 5.3 5.0 4.0 4.6 4.8 4.6 3.6 4.7 4.8 2.3 4.3 
5.8 6.2 7.1 5.0 5.4 5.3 4.9 5.4 4.8 5.9 4.9 5.3 4.8 5.3 4.2 6.9 6.5 6.2 5.6 6.6 6.9 6.1 7.6 6.9 5.2 6.9 6.7 6.4 6.4 5.9 5.8 5.2 
0   0   0   0   0   0   0   0   0   0   0   0   0   0   1   0   0   0   0   0   0   0   0   0   0   0   0   0   0   0   0   0   
The sentence cost for greedy decoding : 3.79
4.3 5.0 4.9 2.9 4.4 2.9 4.3 2.4 4.3 2.1 4.5 2.8 4.4 0.2 4.3 5.1 5.0 4.0 4.9 5.2 5.5 5.3 5.1 4.1 4.5 4.8 4.6 3.6 4.7 4.8 2.4 4.3 
0   0   0   0   0   0   0   0   0   0   0   0   0   0   0   0   0   0   0   0   0   0   0   0   0   0   0   0   0   0   0   0   
The sentence cost for orcale segmentation : 3.78
了 就 好 了 </s> 嗯 </s> 嗯 </s> 嗯 </s> 对 </s> um-hmm </s> 你 也是 啦 </s> 你 有 </s> 像样 一点 </s> 花 了 一个多 小时 </s> 嗯 </s> 


5.9 4.2 3.4 2.4 2.7 1.4 4.1 5.7 5.8 4.9 5.4 4.9 5.3 6.0 3.1 4.2 5.5 4.3 5.0 5.1 5.6 4.8 3.7 5.5 4.1 4.0 4.8 5.3 5.5 5.6 4.8 4.7 
6.7 6.7 7.2 6.3 5.6 6.0 5.5 5.0 5.5 7.1 6.1 6.2 6.9 7.5 7.0 5.7 7.0 6.1 7.0 6.1 7.1 7.3 5.5 7.3 7.3 6.2 7.4 7.2 6.1 7.1 7.4 6.6 
0   0   0   0   0   0   0   1   1   0   0   0   0   0   0   0   0   0   0   0   0   0   0   0   0   0   0   0   0   0   0   0   
The sentence cost for greedy decoding : 5.74
6.7 3.8 3.8 2.6 2.9 1.4 4.0 5.8 4.4 4.9 5.1 4.9 5.2 7.4 4.5 4.1 5.4 4.5 5.1 5.1 5.6 4.8 3.8 5.6 4.2 3.9 4.8 5.3 5.5 5.4 4.6 4.6 
1   1   0   0   0   0   0   0   1   0   0   0   0   1   0   0   0   0   0   0   0   0   0   0   0   0   0   0   0   0   0   0   
The sentence cost for orcale segmentation : 5.32
要 compare 这里 的 价钱 嘛 </s> and then 我 就 想 五百五 一件 t-shirt </s> 然后 啊 朋友 讲 不要 买 啦 不要 买 啦 最后 我 就 没有 买 现在 


4.0 3.2 0.6 5.0 2.1 5.3 4.9 6.6 2.2 1.9 2.2 4.4 3.3 3.5 4.4 3.8 4.8 5.4 5.0 5.5 6.1 4.3 2.9 4.4 5.0 5.3 5.5 6.1 3.0 4.2 2.1 4.3 
7.3 7.2 5.7 7.0 7.2 7.3 6.3 6.7 6.5 4.6 6.2 5.7 5.6 5.3 6.8 6.4 7.1 7.1 6.7 6.2 6.3 7.1 4.9 6.1 6.1 6.1 7.1 7.6 5.4 7.2 6.6 7.0 
0   0   0   0   0   0   0   0   0   0   0   0   0   0   0   0   0   0   0   0   0   0   0   0   0   0   0   0   0   0   0   0   
The sentence cost for greedy decoding : 5.10
7.3 7.9 5.1 4.9 3.7 5.6 5.1 6.4 2.8 1.6 2.0 4.4 3.3 3.5 4.5 3.8 4.7 5.5 5.1 5.5 6.2 4.6 2.9 4.4 4.9 6.0 5.0 5.3 3.0 7.1 4.2 4.2 
1   1   1   0   0   0   0   0   0   0   0   0   0   0   0   0   0   0   0   0   0   0   0   0   0   1   1   0   0   1   1   0   
The sentence cost for orcale segmentation : 4.55
facebook 的 account 我 第三天 我 都 已经 中 了 诶 </s> 对 啊 我 对 我 第三天 我 就 已经 中 了 然后 我 就 send 一些 奇怪 的 message 给 


4.9 4.2 4.1 5.8 4.3 2.9 2.4 4.7 5.6 3.9 1.6 4.5 4.9 5.1 5.5 4.4 3.4 4.2 4.9 2.2 2.9 4.8 3.2 4.5 4.6 5.3 5.9 5.3 2.5 3.5 5.1 5.0 
5.1 6.6 5.8 7.0 5.7 5.9 5.5 6.9 6.7 7.4 6.0 5.6 6.3 5.5 6.8 6.4 6.4 6.0 6.4 6.3 5.0 6.7 4.2 6.2 6.0 6.7 6.7 6.3 6.0 5.6 6.2 6.6 
0   0   0   0   0   0   0   0   0   0   0   0   0   0   0   0   0   0   0   0   0   0   0   0   0   0   0   0   0   0   0   0   
The sentence cost for greedy decoding : 7.89
4.9 4.2 4.1 5.8 4.3 2.9 2.4 4.7 6.7 4.2 0.2 4.3 4.9 4.9 5.5 6.1 5.3 5.2 6.5 4.5 3.7 4.7 4.4 4.6 5.6 6.1 5.2 6.3 4.5 4.3 5.0 4.8 
0   0   0   0   0   0   0   0   1   0   0   0   0   0   0   1   0   1   1   1   0   0   0   0   1   0   1   1   1   0   0   0   
The sentence cost for orcale segmentation : 6.84
</s> 我 之前 第一份 申请 的 那一个 就是 要 formal attire </s> 我 就 有 穿着 formal attire 去 interview 可是 第二份 的话 我 穿着 formal attire 去 interview 可是 我 看到 


5.0 2.4 2.7 4.2 4.8 4.7 3.9 2.9 4.6 6.6 6.0 6.4 3.9 5.4 4.4 5.0 4.9 5.7 4.4 5.0 4.7 2.3 4.6 5.3 5.3 4.4 3.9 4.8 6.6 5.8 1.9 4.6 
6.7 4.4 4.7 4.5 6.0 6.5 5.6 5.0 5.4 7.2 4.8 6.4 4.2 7.6 5.6 5.7 4.3 6.0 4.7 4.8 6.6 5.6 5.4 6.0 7.2 6.6 5.5 6.3 7.2 7.9 5.6 4.8 
0   0   0   0   0   0   0   0   0   0   1   0   0   0   0   0   1   0   0   1   0   0   0   0   0   0   0   0   0   0   0   0   
The sentence cost for greedy decoding : 6.49
5.0 2.4 2.7 4.2 4.8 4.7 3.9 2.9 4.6 6.6 6.0 3.4 3.5 4.9 4.2 5.3 3.6 5.7 4.5 4.3 5.4 3.9 4.8 5.4 5.2 4.5 5.3 5.3 5.1 5.8 3.6 4.9 
0   0   0   0   0   0   0   0   0   0   0   0   1   0   0   1   0   0   0   0   1   0   0   0   0   0   1   0   0   0   0   0   
The sentence cost for orcale segmentation : 5.87
晚上 的 梦 </s> 呃 没 好像有听过 啊 </s> the cat with picking 好像 听 过 something to do with cat 的 你 好像 有 讲 过 cat with big face </s> 


4.7 4.8 4.7 4.5 4.8 7.7 3.7 7.8 3.1 3.3 0.0 2.9 1.1 1.3 5.6 5.8 6.1 6.4 5.6 3.8 5.4 3.9 6.1 5.1 5.7 5.8 5.0 5.0 6.2 6.6 4.2 5.7 
6.5 5.1 6.8 6.5 7.5 8.7 5.5 8.6 4.2 5.1 3.7 8.2 8.4 7.8 6.7 7.8 7.2 7.4 7.6 5.0 7.5 6.6 8.1 7.1 7.0 6.7 6.4 6.4 7.2 7.4 6.9 7.1 
0   0   0   0   0   0   0   0   0   0   0   0   0   0   0   0   0   0   0   0   0   0   0   0   0   0   0   0   0   0   0   0   
The sentence cost for greedy decoding : 6.59
4.7 4.8 4.7 4.5 7.5 7.9 3.1 7.6 5.0 4.1 3.7 7.7 4.5 4.8 5.5 4.7 5.2 5.8 4.9 3.8 5.9 4.7 6.6 5.2 5.5 5.7 4.8 4.8 6.0 6.7 3.8 5.4 
0   0   0   0   1   0   1   1   0   0   1   1   0   0   0   0   0   0   0   0   0   0   0   0   0   0   0   0   0   0   0   0   
The sentence cost for orcale segmentation : 5.35
what </s> 因为 因为 那个 coffee shop 那边 boon-lay shopping center 的 coffee shop </s> 没有 我们 没有 吃 午餐 他 回家 吃 </s> 因为 我 还 以为 我 会 跟 他 


2.9 3.2 5.4 4.5 8.2 5.9 5.0 6.6 5.3 5.9 3.2 3.8 5.7 4.1 4.9 3.0 3.9 3.8 5.3 2.7 4.4 4.0 4.6 5.8 1.4 1.6 4.7 5.6 4.4 5.8 4.2 6.6 
6.6 6.3 5.7 4.7 8.2 7.0 5.5 7.3 6.9 6.5 5.6 5.5 7.2 6.2 6.6 6.7 6.8 5.0 6.8 5.8 4.9 6.9 5.5 7.1 5.4 5.6 5.0 6.7 5.1 6.0 4.4 5.8 
0   0   0   0   0   0   0   0   0   0   0   0   0   0   0   0   0   0   0   0   0   0   0   0   0   0   0   0   0   0   0   1   
The sentence cost for greedy decoding : 6.54
6.6 4.8 5.4 4.8 7.0 5.5 5.1 5.3 5.2 6.4 3.3 3.9 7.0 4.6 5.1 2.6 3.0 3.4 6.6 3.5 4.2 3.4 5.0 5.5 2.9 2.6 5.0 5.7 4.0 5.7 4.4 6.7 
1   0   0   1   1   0   1   0   0   0   0   0   1   1   0   0   0   0   1   1   0   0   0   0   0   0   0   0   0   0   1   1   
The sentence cost for orcale segmentation : 5.75
meet 他 </s> then 一 each person 就 只有 </s> 对 哦 你们的 result 是 一样 的 东西 不是 result 都 一样 </s> meet him together </s> attend ah </s> then 上次你 


5.8 5.2 5.7 4.5 5.9 4.6 5.6 2.2 5.0 5.4 6.3 5.2 4.9 5.5 5.7 6.8 6.1 5.5 2.4 4.4 4.7 4.6 5.7 1.1 4.2 0.8 5.3 5.0 3.3 4.8 4.8 3.1 
6.9 5.5 6.6 4.5 6.9 4.8 6.2 5.2 6.4 6.8 6.7 6.4 6.0 5.9 6.8 6.8 5.4 6.7 4.6 5.9 5.3 7.2 4.9 0.5 5.8 3.6 6.3 5.6 5.6 4.4 6.1 5.8 
0   0   0   0   0   0   0   0   0   0   0   0   0   0   0   0   1   0   0   0   0   0   1   1   0   0   0   0   0   1   0   0   
The sentence cost for greedy decoding : 6.60
5.8 5.2 5.7 4.5 5.9 4.6 5.6 2.2 5.0 5.4 6.3 5.2 6.0 3.8 5.7 6.8 5.4 5.5 2.2 4.3 4.7 7.1 3.5 1.5 3.5 0.9 5.1 5.1 3.1 4.8 4.6 3.3 
0   0   0   0   0   0   0   0   0   0   0   0   1   0   0   0   1   0   0   0   0   1   0   1   0   0   0   0   0   0   0   0   
The sentence cost for orcale segmentation : 5.96
我 可以 一个人 为什么 一个人 讲话 不可以 叻 像 刚才 你讲的 </s> 为什么 talk to the wall 不可以 叻 我 觉得 一个 d j 为什么 不可 以 </s> at least you talk 


5.0 4.8 5.2 4.5 4.3 6.1 4.9 5.1 3.8 3.3 5.2 5.0 4.9 4.8 5.4 6.0 5.1 3.9 5.9 2.6 4.8 3.0 4.4 4.6 4.7 5.1 3.7 5.2 4.8 5.0 5.2 3.6 
7.0 6.7 7.3 6.3 6.4 5.5 4.0 5.9 5.3 6.1 6.1 4.2 5.5 5.5 5.6 5.9 7.2 5.6 6.4 4.6 5.3 3.8 4.1 6.5 5.8 6.6 6.3 6.6 6.0 6.2 5.8 5.7 
0   0   0   0   0   1   1   0   0   0   0   1   0   0   0   1   0   0   0   0   0   0   1   0   0   0   0   0   0   0   0   0   
The sentence cost for greedy decoding : 5.46
5.0 4.8 5.2 4.5 6.4 3.3 3.9 5.8 4.8 4.8 5.2 3.9 4.4 4.7 5.8 3.8 4.6 5.5 4.4 3.7 5.3 2.7 4.4 3.8 4.8 5.0 3.9 5.1 4.7 5.0 5.1 3.7 
0   0   0   0   1   0   1   1   0   0   0   1   0   0   1   1   0   1   0   0   0   0   1   0   0   0   0   0   0   0   0   0   
The sentence cost for orcale segmentation : 4.43
会 比较 喜欢 所以 我 final year 我 specialize comm </s> then 我 觉得 做 research 很 啧 it's interesting like as in 什么 都 没有 给 你 我 记得 我 跟 


3.2 6.2 6.8 5.5 4.4 3.7 4.8 4.8 5.1 3.9 3.5 5.2 5.1 4.7 6.0 2.9 3.3 5.6 5.0 1.5 2.1 4.2 5.2 5.3 5.7 4.0 5.3 4.0 2.4 5.0 3.4 5.0 
3.9 6.7 7.2 6.5 4.9 6.4 4.2 5.0 6.2 5.7 5.1 6.3 6.2 5.4 7.5 3.4 4.6 6.3 6.0 4.1 4.8 4.4 6.5 5.9 6.5 5.5 6.5 6.7 5.3 6.0 6.4 5.0 
0   0   0   0   0   0   1   0   0   0   0   0   0   0   0   0   0   0   0   0   0   0   0   0   0   0   0   0   0   0   0   0   
The sentence cost for greedy decoding : 5.85
3.9 4.3 7.1 5.5 4.6 3.7 4.8 4.6 5.4 4.0 3.5 5.4 5.2 4.9 7.5 2.8 3.6 5.6 5.0 1.7 1.9 4.1 5.1 5.4 5.7 4.0 5.1 6.6 5.0 5.0 4.8 4.7 
1   0   0   0   0   0   0   0   0   0   0   0   0   0   1   1   0   0   0   0   0   0   0   0   0   0   0   1   1   0   0   0   
The sentence cost for orcale segmentation : 4.87
then 她 又是 我 朋友 的 妹妹 </s> 我 上去 教 她 我 昨天 很 stress 因为 我 也是 很累 了 </s> 我 从 我 教 她 的 timing 是 七点 半 


4.9 5.3 4.0 3.5 5.0 4.9 6.0 5.8 0.9 3.6 5.3 6.7 3.8 5.4 5.7 4.9 4.4 3.7 5.5 5.9 5.6 4.1 4.9 5.1 7.6 5.1 3.9 4.3 2.7 4.3 3.8 1.0 
5.9 6.1 5.0 5.1 5.9 6.9 8.0 7.1 5.3 6.6 5.8 6.9 4.4 7.0 6.4 6.0 5.0 6.8 6.9 7.0 6.0 5.6 5.5 5.9 7.5 6.6 5.9 6.4 5.3 5.0 4.2 4.1 
0   0   0   0   0   0   0   0   0   0   0   0   0   0   0   0   0   0   0   0   0   0   0   0   1   0   0   0   0   0   0   0   
The sentence cost for greedy decoding : 5.36
4.9 5.3 4.0 3.5 5.0 4.9 6.0 5.8 0.9 3.6 5.3 6.7 3.8 5.4 5.7 4.9 4.4 3.7 5.5 5.9 5.6 4.1 4.9 5.1 7.6 5.4 3.4 3.9 2.1 4.3 3.9 0.9 
0   0   0   0   0   0   0   0   0   0   0   0   0   0   0   0   0   0   0   0   0   0   0   0   0   0   0   0   0   0   0   0   
The sentence cost for orcale segmentation : 5.21
你 会 认为 诶 你 不是 那种 很 虔诚 的 </s> 新年 老妈 去 拜 你 也 跟着 去 拜 </s> 然后 在 那边 拜 就 哦 这样 咯 </s> that kind 


4.9 4.0 6.5 3.0 1.4 5.5 5.0 4.3 5.1 2.6 5.1 6.8 3.8 4.2 5.0 3.9 5.3 6.8 2.6 4.4 5.0 4.0 6.7 5.4 2.9 6.2 5.4 5.2 1.1 7.2 5.5 3.8 
5.4 5.1 6.5 7.1 6.5 6.9 6.6 5.4 5.9 6.0 5.5 6.8 5.7 6.0 7.1 5.2 6.2 7.1 4.8 4.7 5.6 6.5 6.9 5.9 4.1 6.6 4.9 6.1 5.1 8.3 6.7 3.8 
0   0   1   0   0   0   0   0   0   0   0   1   0   0   0   0   0   0   0   0   0   0   0   0   0   0   1   0   0   0   0   0   
The sentence cost for greedy decoding : 6.26
4.9 4.0 6.5 6.2 3.7 4.9 5.4 4.4 4.9 2.8 4.9 6.9 4.2 4.3 4.6 4.1 4.8 6.8 2.8 4.5 5.1 4.1 6.7 5.6 3.1 6.4 5.6 4.9 4.1 6.9 5.5 4.3 
0   0   0   0   0   0   0   0   0   0   0   0   0   0   0   0   0   0   0   0   0   0   0   0   0   0   0   0   0   0   0   0   
The sentence cost for orcale segmentation : 5.83
you know the chinese tradition guys must follow this erm this certain name girls will follow this certain name </s> like all the guys in the family hor tsk the second middle 


4.1 3.3 4.8 5.4 5.5 4.3 6.4 3.0 4.9 4.7 5.3 5.0 5.2 1.3 6.8 4.2 4.5 3.3 4.8 2.6 4.8 5.2 4.9 3.8 6.0 5.4 4.8 4.0 3.1 2.6 5.1 4.3 
5.6 6.0 4.9 4.9 6.6 5.3 6.4 6.2 6.7 5.9 7.2 6.6 6.8 3.6 7.5 4.9 4.8 5.2 5.3 5.6 5.2 6.2 5.4 5.3 7.3 6.5 6.7 6.7 3.9 4.4 7.4 6.6 
0   0   0   1   0   0   1   0   0   0   0   0   0   0   0   0   0   0   0   0   0   0   0   0   0   0   0   0   0   0   0   0   
The sentence cost for greedy decoding : 5.97
4.1 3.3 4.8 5.4 4.8 3.5 6.6 4.5 4.4 4.9 5.2 5.0 3.8 1.3 6.7 4.1 4.5 3.1 4.8 2.5 4.7 5.2 4.9 3.8 6.0 5.3 4.7 3.9 3.1 2.6 5.1 6.6 
0   0   0   0   0   0   0   1   0   0   0   0   0   0   0   0   0   0   0   0   0   0   0   0   0   0   0   0   0   0   0   1   
The sentence cost for orcale segmentation : 5.37
i mean besides celebrating with ah the class 他们 也是 有 去 约会 咯 自己的 约会 </s> 嗯 </s> 嗯 </s> 就 哎呀 也不 是 第一次 发生 这种 事 啦 有 啊 


4.5 4.5 4.3 3.7 3.1 4.6 2.8 3.8 5.2 5.7 4.8 5.2 4.8 4.7 5.3 3.8 4.4 4.3 4.7 4.7 4.1 5.3 5.4 4.5 4.8 4.4 6.0 3.3 4.4 5.4 3.1 6.6 
5.0 5.7 5.8 5.6 5.5 5.6 6.0 5.6 6.2 6.3 7.0 6.3 6.0 5.7 6.2 6.1 6.8 5.6 5.9 6.3 6.2 7.2 7.2 6.7 6.2 5.2 7.4 5.3 5.3 5.8 6.1 6.6 
0   0   0   0   0   0   0   0   0   0   0   0   0   0   0   0   0   0   0   0   0   0   0   0   0   0   0   0   0   0   0   0   
The sentence cost for greedy decoding : 4.72
4.5 4.5 4.3 3.7 3.1 4.6 2.8 3.8 5.2 5.7 4.8 5.2 4.8 4.7 5.3 3.8 4.4 4.3 4.7 4.7 4.1 5.3 5.4 4.5 4.8 4.4 6.0 3.3 4.4 5.4 6.1 4.6 
0   0   0   0   0   0   0   0   0   0   0   0   0   0   0   0   0   0   0   0   0   0   0   0   0   0   0   0   0   0   1   0   
The sentence cost for orcale segmentation : 4.48
月 </s> 啊 哈 啊 </s> 嗯 如果 我 </s> 呃 我们 都 想 去 不同 的 地方 所以 我 本来 是 怕 一个人 去 不懂 会不会 习惯 然后 </s> 等 year 


4.8 3.9 4.3 2.8 4.8 4.2 4.2 3.7 5.1 4.9 3.8 4.0 4.2 6.1 6.8 5.5 6.6 6.5 5.1 4.6 4.7 4.2 4.9 3.4 5.3 3.6 3.4 1.0 5.0 5.1 2.6 3.4 
5.8 4.6 5.0 4.1 5.0 5.3 6.0 4.0 6.6 5.7 5.7 5.7 5.5 7.3 6.1 6.2 6.2 8.2 6.3 6.0 5.6 4.3 5.8 3.5 4.9 6.0 6.6 6.5 5.4 5.2 4.2 6.0 
0   0   0   0   0   0   0   0   0   0   0   0   0   0   1   0   1   0   0   0   0   0   0   0   1   0   0   0   0   0   0   0   
The sentence cost for greedy decoding : 6.46
4.8 3.9 4.3 2.8 4.8 4.2 4.2 3.7 5.1 4.9 3.8 4.0 4.2 6.1 6.8 4.9 5.7 4.4 6.3 5.7 3.5 4.4 5.3 3.5 5.0 4.8 5.8 2.6 4.8 4.7 4.4 2.8 
0   0   0   0   0   0   0   0   0   0   0   0   0   0   0   1   0   0   0   1   0   0   0   0   0   0   1   0   0   0   1   0   
The sentence cost for orcale segmentation : 5.62
what else erm after army what i did was </s> i i had a temporary job 我在 呃 税务局 做 i r a s collect income tax 的 </s> interesting experience 啊 


4.8 5.3 5.6 5.8 5.6 4.6 4.7 4.7 4.1 4.4 5.6 4.4 5.4 6.6 4.9 3.8 3.9 5.8 5.5 5.6 5.9 3.8 4.4 4.7 5.5 4.7 4.9 6.6 6.6 3.7 5.5 4.9 
6.8 6.6 7.2 7.0 6.7 7.1 6.1 6.1 7.1 5.9 7.3 6.9 7.0 7.5 6.2 6.1 6.2 6.7 6.7 7.4 7.0 6.0 7.2 6.0 6.7 5.8 5.8 6.8 7.7 6.5 7.2 6.2 
0   0   0   0   0   0   0   0   0   0   0   0   0   0   0   0   0   0   0   0   0   0   0   0   0   0   0   0   0   0   0   0   
The sentence cost for greedy decoding : 5.07
4.8 5.3 5.6 5.8 5.6 4.6 4.7 4.7 4.1 4.4 5.6 4.4 5.4 6.6 4.9 3.8 3.9 5.8 5.5 5.6 5.9 3.8 4.4 4.7 5.5 4.7 4.9 6.6 7.7 4.5 5.4 5.1 
0   0   0   0   0   0   0   0   0   0   0   0   0   0   0   0   0   0   0   0   0   0   0   0   0   0   0   0   1   0   0   0   
The sentence cost for orcale segmentation : 5.08
哪里 是 最多 一个 小时 啊 </s> 不过 有些 地方 就是 两个 地方 很 近 啊 半个 小时 有的 很 很 远 的 十 多个 小时 </s> internet booking 啊 没有 我 


2.7 4.7 3.6 4.1 3.8 4.3 5.0 6.8 5.0 2.9 5.0 3.0 5.4 2.4 3.8 3.6 4.6 4.4 4.0 4.9 4.9 2.8 1.5 1.4 1.3 3.6 5.1 4.7 5.1 3.5 5.8 4.0 
4.6 5.3 5.3 4.5 4.2 6.3 6.7 7.1 6.0 4.0 6.9 5.0 5.5 5.2 4.5 6.5 4.4 5.7 4.1 6.1 6.7 5.0 5.2 4.5 4.7 5.3 5.3 6.3 5.9 4.9 6.9 5.7 
0   0   0   0   0   0   0   0   0   0   0   0   0   0   0   0   1   0   0   0   0   0   0   0   0   0   0   0   0   0   0   0   
The sentence cost for greedy decoding : 5.43
2.7 4.7 3.6 4.1 3.8 4.3 6.7 5.0 4.5 2.8 4.7 2.5 5.3 2.3 3.7 3.3 4.6 3.6 2.7 4.9 4.9 2.8 1.8 1.6 4.8 2.6 5.2 5.0 5.1 3.5 5.8 4.3 
0   0   0   0   0   0   1   0   0   0   0   0   0   0   0   0   0   1   0   0   0   0   0   0   1   0   0   0   0   0   0   0   
The sentence cost for orcale segmentation : 4.68
that's one of thing that i will 我 觉得 应该 换 啊 </s> en but other than that 应该 是 比较 手摧 的 事 吧 yeah </s> innocent or time just innocent 


1.5 4.4 4.6 4.9 4.4 5.7 4.5 4.1 5.5 5.2 5.9 3.1 5.5 1.3 4.0 5.1 7.1 7.3 5.4 5.3 4.5 4.9 5.8 5.0 5.6 5.5 4.1 3.9 2.3 4.3 4.7 5.0 
4.1 5.1 5.8 6.9 6.1 7.4 6.5 6.3 7.4 7.3 7.4 6.8 6.8 3.9 4.9 5.9 7.6 7.8 6.6 6.8 6.7 7.6 7.4 6.3 7.6 7.4 6.5 6.8 3.9 5.2 6.7 7.1 
0   0   0   0   0   0   0   0   0   0   0   0   0   0   0   0   0   0   0   0   0   0   0   0   0   0   0   0   0   0   0   0   
The sentence cost for greedy decoding : 5.89
1.5 4.4 4.6 4.9 4.4 5.7 4.5 4.1 5.5 5.2 7.4 6.2 5.1 4.2 4.1 5.5 7.2 7.0 5.2 5.2 4.3 4.8 5.8 4.9 5.5 5.3 3.9 3.9 2.3 4.4 4.6 5.0 
0   0   0   0   0   0   0   0   0   0   1   0   0   1   0   0   0   0   0   0   0   0   0   0   0   0   0   0   0   0   0   0   
The sentence cost for orcale segmentation : 5.39
咯 </s> 然后 好像 说 我们的 就是说 因为 算是 我们 算是 international company mah 就是说 </s> 二十四 算是 我们的 时间 跟 别人 的 时间 有些 是 颠倒 的 嘛 </s> 就是说 他们 


3.7 1.2 5.3 4.9 5.1 3.7 5.9 4.2 4.0 2.3 1.0 3.5 5.2 4.4 5.3 6.4 5.7 5.8 6.2 6.4 5.3 3.4 4.1 4.1 6.2 6.4 5.5 4.2 6.1 5.1 5.2 4.9 
2.6 4.4 7.4 6.4 6.0 6.6 7.0 6.3 3.9 4.9 4.0 5.8 6.5 6.0 7.0 7.2 7.4 7.2 7.4 7.7 7.6 6.3 5.8 5.1 7.7 8.2 7.0 5.9 7.2 6.6 5.8 6.6 
1   0   0   0   0   0   0   0   1   0   0   0   0   0   0   0   0   0   0   0   0   0   0   0   0   0   0   0   0   0   0   0   
The sentence cost for greedy decoding : 6.14
3.7 1.3 5.6 4.3 4.7 3.5 5.8 4.1 4.0 2.6 0.8 3.6 5.1 4.4 5.2 6.2 5.7 5.9 6.1 6.5 5.2 3.1 3.8 4.0 6.1 6.4 5.3 4.6 6.0 5.1 5.2 4.9 
0   0   0   0   0   0   0   0   0   0   0   0   0   0   0   0   0   0   0   0   0   0   0   0   0   0   0   0   0   0   0   0   
The sentence cost for orcale segmentation : 5.84
肮脏 咯 第一个 印象 就 给 我 这样 子 了 咯 因为 我 以为 是 </s> 好像 佛教 会 啊 这样的 清洁 宁静 啊 静静 没有 人 乱 到 我 </s> 哪里 


5.2 3.1 5.3 5.1 4.6 4.6 4.3 4.4 4.6 3.3 4.9 4.9 4.7 4.4 3.9 5.3 4.9 5.4 4.6 6.1 4.6 4.4 3.1 4.9 3.8 3.9 5.3 4.0 4.5 4.5 4.8 5.2 
7.7 6.7 7.7 7.9 7.2 7.0 7.6 7.3 7.1 6.5 7.8 7.8 6.2 7.3 7.4 7.5 7.6 7.7 7.8 7.9 7.9 7.2 6.0 7.1 7.4 5.2 7.5 7.5 7.3 6.7 7.4 7.8 
0   0   0   0   0   0   0   0   0   0   0   0   0   0   0   0   0   0   0   0   0   0   0   0   0   0   0   0   0   0   0   0   
The sentence cost for greedy decoding : 5.87
5.2 3.1 5.3 5.1 4.6 4.6 4.3 4.4 4.6 3.3 4.9 4.9 4.7 4.4 3.9 5.3 4.9 5.4 4.6 6.1 4.6 4.4 3.1 4.9 3.8 3.9 5.3 4.0 4.5 4.5 4.8 5.2 
0   0   0   0   0   0   0   0   0   0   0   0   0   0   0   0   0   0   0   0   0   0   0   0   0   0   0   0   0   0   0   0   
The sentence cost for orcale segmentation : 5.87
关 哪 有 关 哪 现在 中国 会 比较 少 没有 关 </s> 它 以前 是 很多 没有 关 都是 这样 子 哦 上 厕所 </s> 就是 这样子 蹲 在 那边 没有 


5.5 2.8 4.2 4.3 0.2 5.1 5.7 5.4 6.3 6.3 5.6 4.4 5.2 4.6 6.2 5.5 5.0 2.2 3.4 7.0 4.2 5.0 2.4 0.7 4.2 4.6 3.0 5.3 3.0 5.7 4.1 2.9 
7.8 7.4 7.7 7.9 5.8 5.5 7.5 6.9 7.6 7.7 7.3 6.8 6.4 6.6 7.6 6.0 4.0 3.4 2.7 7.3 6.3 6.9 6.6 6.9 5.0 6.6 6.3 6.8 6.3 7.1 6.9 5.2 
0   0   0   0   0   0   0   0   0   0   0   0   0   0   0   0   1   0   1   0   0   0   0   0   0   0   0   0   0   0   0   0   
The sentence cost for greedy decoding : 6.66
5.5 2.8 7.7 3.5 0.4 5.4 5.6 5.2 6.3 7.6 5.0 4.6 4.9 4.7 5.6 5.7 1.4 2.2 4.2 4.7 4.1 6.4 0.7 1.7 4.3 4.6 3.8 5.4 3.4 6.8 5.1 2.4 
0   0   1   0   0   0   0   0   0   1   0   1   0   0   0   1   0   0   0   1   0   1   0   0   0   0   0   0   0   1   0   0   
The sentence cost for orcale segmentation : 5.23
没有 特别 那种 christian name </s> 我是 刚刚 这个 八月 convocation nor 然后 现在 我是 在 u s m corporate 那边 做 research officer </s> 所以 这个 是 这个 是 contract worker 


4.7 4.2 4.3 3.5 4.5 4.8 4.7 6.0 5.3 5.9 5.4 2.6 5.8 3.3 3.7 4.1 5.2 4.3 5.2 4.5 3.6 5.1 5.0 5.4 5.6 5.1 6.0 5.6 5.7 4.9 5.0 4.9 
5.5 4.6 3.4 6.1 5.3 5.8 6.4 7.3 6.0 7.3 6.6 5.6 6.8 5.9 6.8 5.9 6.6 6.2 6.1 3.3 4.7 5.2 6.2 6.7 6.2 6.1 6.9 5.0 5.9 5.4 5.4 6.1 
0   0   1   0   0   0   0   0   0   0   0   0   0   0   0   0   0   0   0   1   0   0   0   0   0   0   0   1   0   0   0   0   
The sentence cost for greedy decoding : 5.24
4.7 4.2 4.3 2.8 4.6 4.8 4.5 6.1 5.3 6.0 5.3 2.6 5.8 3.3 3.7 4.1 5.2 4.3 6.0 1.8 3.7 4.9 4.9 6.5 3.6 4.8 5.3 5.3 4.1 5.1 4.8 4.8 
0   0   0   0   0   0   0   0   0   0   0   0   0   0   0   0   0   0   1   0   0   0   0   1   1   0   0   0   0   0   0   0   
The sentence cost for orcale segmentation : 4.51
出 这样 子 哦 </s> 然后 她 那个 飞机票 是 她 帮 我 给 的 因为 她 之前 在 u k </s> 她 做 part-time 她 留 在 那边 </s> 然后 她 


3.8 5.2 5.2 7.0 5.4 5.6 4.9 5.0 5.4 5.9 6.2 5.7 3.5 5.8 5.8 4.2 5.3 4.6 4.6 5.7 6.2 5.2 5.1 5.7 6.1 6.2 3.8 4.9 4.1 4.6 5.1 5.0 
7.5 6.7 6.0 8.3 6.8 7.5 5.2 5.9 6.6 7.4 7.1 7.4 5.5 6.9 7.9 5.6 6.5 6.0 4.8 5.6 4.6 6.6 6.4 7.1 7.6 7.8 6.1 7.2 5.1 5.8 6.6 6.6 
0   0   0   0   0   0   0   0   0   0   0   0   0   0   0   0   0   0   0   1   1   0   0   0   0   0   0   0   0   0   0   0   
The sentence cost for greedy decoding : 5.50
3.8 5.2 5.2 7.0 5.4 5.6 4.9 5.0 5.4 5.9 6.2 5.7 3.5 5.8 5.8 4.2 5.3 4.6 4.6 5.7 4.5 5.6 5.2 6.1 6.4 7.8 4.6 4.5 5.3 4.9 5.1 5.0 
0   0   0   0   0   0   0   0   0   0   0   0   0   0   0   0   0   0   0   0   0   0   0   0   0   1   1   0   0   0   0   0   
The sentence cost for orcale segmentation : 5.28
有些 人 </s> 见 人 很少 啊 然后 好像 会 </s> 这个 也 怕 那个 也 怕 这样 子 就 弄 到 他们 好像 很 没有 confidence 这样 子 可是 他们 其实 


4.7 5.7 3.7 2.9 4.9 6.1 5.3 5.8 1.9 3.0 6.3 4.6 5.4 5.2 4.7 6.2 5.0 4.6 5.2 5.7 5.0 5.3 5.2 4.6 4.7 4.8 5.5 4.9 3.2 5.1 5.1 0.8 
7.1 7.2 5.9 5.2 6.0 7.0 6.8 6.9 5.8 5.6 6.8 6.0 6.3 6.6 6.5 6.6 5.7 4.5 7.1 6.4 6.4 6.6 5.9 6.6 6.4 6.1 7.0 6.8 4.6 5.4 7.4 4.8 
0   0   0   0   0   0   0   0   0   0   0   0   0   0   0   0   0   1   0   0   0   0   0   0   0   0   0   0   0   0   0   0   
The sentence cost for greedy decoding : 5.59
7.1 5.4 3.1 3.2 4.9 5.9 5.3 6.8 2.3 4.6 5.2 5.1 5.6 6.6 1.9 5.9 4.4 4.3 5.1 5.6 4.8 5.3 5.2 4.6 4.7 6.1 5.5 5.1 3.6 4.9 5.2 1.0 
1   0   0   0   0   0   0   1   0   1   0   0   0   1   0   0   0   1   0   0   0   0   0   0   0   1   1   0   0   0   0   0   
The sentence cost for orcale segmentation : 5.04
cement 没有 了 啊 就 要 打电话 去 order oh 这边 这边 </s> 我们 at the one time 有 差不多 四 五 个 四 五 个 site 一起 走 </s> 蛮 远 


4.8 4.2 6.6 5.3 1.4 3.8 5.0 4.6 2.6 5.1 4.9 5.0 5.8 6.4 3.1 3.1 7.5 2.4 5.1 2.8 4.1 4.2 5.4 6.0 0.8 5.2 4.6 5.2 3.6 3.5 4.2 4.3 
6.6 4.9 7.6 5.9 3.7 3.7 5.3 4.9 5.3 6.8 5.7 4.7 6.8 6.5 4.1 3.4 7.3 4.2 5.8 4.5 5.9 6.7 6.4 5.9 5.1 5.3 5.1 6.3 3.8 4.3 5.8 6.8 
0   0   0   0   0   1   0   0   0   0   0   1   0   0   0   0   1   0   0   0   0   0   0   1   0   0   0   0   0   0   0   0   
The sentence cost for greedy decoding : 5.83
4.8 4.2 6.6 5.3 1.4 3.8 5.0 4.5 2.8 5.1 5.0 5.1 5.0 6.6 3.2 3.5 7.1 3.2 4.5 2.7 4.0 4.1 5.4 6.0 2.7 4.8 4.5 5.5 3.5 3.4 4.2 4.2 
0   0   0   0   0   0   0   0   0   0   0   0   0   0   0   1   1   0   0   0   0   0   0   0   0   0   0   0   0   0   0   0   
The sentence cost for orcale segmentation : 5.18
have tried my best lah so </s> ah i will write it in my thesis although 没有 result or anything i have to defend nah </s> in the viva room i have 


5.1 4.3 4.5 4.8 5.3 4.8 4.3 5.0 6.2 5.5 5.9 3.3 2.7 4.0 4.5 4.5 5.8 4.2 3.5 5.5 4.7 5.2 6.1 4.1 5.9 4.0 4.5 4.3 5.0 5.1 5.3 3.5 
5.8 5.8 5.7 6.6 7.1 5.3 4.3 5.2 7.3 6.7 7.6 3.7 5.7 6.1 5.5 5.9 6.8 6.8 4.3 6.2 5.0 5.3 6.2 4.8 4.8 5.4 6.7 6.7 6.6 6.9 7.4 4.6 
0   0   0   0   0   0   1   0   0   0   0   0   0   0   0   0   0   0   0   0   0   0   0   0   1   0   0   0   0   0   0   0   
The sentence cost for greedy decoding : 5.84
5.1 4.3 4.5 4.8 5.3 4.8 4.3 5.2 5.4 5.7 5.9 3.6 2.8 4.2 4.5 4.4 5.8 4.2 4.3 4.5 4.5 5.0 6.1 3.8 4.8 3.9 4.5 4.2 5.0 5.1 7.5 2.6 
0   0   0   0   0   0   1   1   0   0   0   0   0   0   0   0   0   0   1   0   0   0   0   0   1   0   0   0   0   0   1   1   
The sentence cost for orcale segmentation : 5.25
</s> 啊 所以 有一个 做 了 四年 so 好像 他 很 奇怪 的 哪 今天 你 还在 做 东西 let's say friday </s> okay saturday 啊 还有 一个 我们 是 没有 holiday 


