0.8
413991.665560 20647.082630 
2357.711420
1159902.626950 31396.263750 
2710.021238
1088527.436259 35978.871957 
3262.602799
480074.552787 21937.724429 
8502.837705
984790.033335 37222.704142 
14195.260307
351285.036971 27891.615922 
4028.885796
121063.868217 10247.565674 
7764.899238
130945.684940 15303.473957 
7063.213401
57402.407968 7934.828629 
4041.607117
36159.458260 5039.015384 
1538.810745
30193.906501 4891.567549 
1877.233482
39469.171158 5732.390451 
1786.434232
47193.964841 6990.001772 
3384.981417
42124.042536 6107.274212 
8280.358688
76434.437024 9504.830153 
1897.380795
71758.223093 8279.687760 
4547.303679
36306.174444 4889.644731 
5410.450296
24959.424826 4920.362856 
1822.912973
26575.492971 4329.772603 
2855.946611
29879.339513 5117.157057 
2350.948302
17744.859195 3738.600599 
1012.704030
11692.080745 3014.114508 
2180.599673
11782.875134 3114.808587 
1312.842131
8357.834038 2666.211103 
1168.289977
6154.754464 2199.723216 
1124.111098
5552.774384 2080.572723 
1513.902003
4771.207546 1854.444423 
950.414109
3999.841787 1707.916677 
1151.944328
4098.219648 1654.259111 
756.946467
6268.726908 2225.336664 
799.961418
8706.761477 2397.954875 
1389.354654
9887.855992 2291.259383 
814.067806
12509.341200 2889.571539 
1687.516018
11116.610827 2668.245878 
734.333462
11023.826963 2766.611837 
1104.625521
13201.077435 3317.163832 
1490.922256
9885.513031 2167.100504 
997.535707
13801.074457 2759.670277 
1021.557746
10095.751371 2636.338444 
841.406345
7969.502889 2142.316703 
1879.452523
8409.582129 2434.424402 
874.514036
8745.113658 2429.770260 
1491.460826
8486.786117 2403.406429 
1103.708749
8250.847198 2490.418892 
718.305596
8866.280621 2453.064711 
708.433116
7809.435409 2332.107548 
2014.655522
8789.676908 2442.406614 
1773.124226
5192.903652 1639.109590 
837.924345
6086.235303 2017.674304 
835.437909
6085.976494 2132.170166 
733.470313
7377.667348 2229.196262 
1689.314733
5618.960103 1958.476900 
867.244396
4385.614594 1705.014606 
1253.726022
4685.499726 1831.966371 
699.025063
4508.953203 1750.455415 
1198.345254
4521.098903 1804.140129 
1158.312618
5060.959433 1771.189702 
1021.274012
4524.060948 1688.217435 
1568.001258
5297.705643 1865.710214 
752.723974
5014.863540 1833.695680 
714.585926
4998.005911 1621.152425 
986.531073
5024.851260 1708.799769 
1709.639179
5003.267055 1927.187307 
1147.934125
5051.112477 1843.929225 
727.360639
3965.319693 1613.855744 
702.926260
3345.798374 1417.024875 
1046.705619
3952.497955 1644.639599 
1149.686374
4852.338289 1718.910621 
1020.274934
5051.551087 1791.648634 
1887.079581
3753.294266 1403.713994 
1205.742593
5134.855406 1767.602121 
888.477207
3531.516350 1384.612224 
1337.370991
4741.334301 1642.235349 
678.600867
4283.313254 1621.886901 
1160.349465
4557.566779 1557.403027 
1297.595461
4099.989937 1646.618959 
823.918194
3507.668981 1427.510045 
998.693051
4616.871737 1671.850520 
1220.658135
5188.925628 1730.856489 
1594.956468
4811.239644 1793.519205 
761.656148
4918.560904 1836.375474 
1685.274412
3841.402128 1493.060693 
957.083850
4191.819357 1717.223605 
1331.900666
3698.021799 1500.964124 
1826.586336
3096.913793 1382.757713 
795.242833
2986.893073 1237.849166 
692.762598
2878.636631 1525.573423 
862.896607
3151.883729 1482.585520 
833.867030
2863.949953 1327.548203 
1238.446072
2616.232731 1304.150661 
830.015646
2787.691454 1294.434130 
981.022574
2273.521621 1284.019132 
707.880433
1802.349060 974.082829 
733.272047
1915.977324 1014.050821 
863.424064
1730.629226 983.663913 
675.693877
2263.191250 1192.933979 
850.593881
2143.362643 1075.260163 
693.359370
1752.041682 1034.507006 
832.788010
1512.362008 979.552978 
713.638109
1509.048307 924.305076 
689.618486
647.182103