9094.358175
1502.243731
3031.209529
940.404552
1508.320724
657.881086
1030.404167
624.123631
857.578468
619.303383
707.472580
461.689938
624.328490
399.551846
560.520886
355.857757
507.990308
332.758558
466.616651
314.426388
446.458684
307.804548
428.460999
287.406375
404.951993
306.456436
391.410214
271.290407
384.401381
267.117255
370.432826
255.930322
357.195339
250.431243
347.140155
247.818897
338.152566
243.966468
332.992036
240.736139
322.299377
233.625573
314.111335
247.224830
304.928575
230.862247
300.987458
222.256067
295.587619
219.417003
287.832489
222.704270
282.377841
222.533893
276.591503
213.041221
271.579991
210.830120
267.254130
210.808072
262.373599
206.022712
260.294548
203.942830
255.375702
201.291387
251.320037
201.327423
247.165849
202.311220
243.529843
197.393869
239.395626
196.116820
235.938613
198.902335
233.676165
192.804894
231.859510
193.785072
227.098782
190.180106
225.532267
188.880731
222.985981
186.999885
220.707713
186.548344
216.822490
185.903588
213.317740
186.989795
210.315948
184.173241
209.760872
185.582275
206.534851
181.420449
203.907153
181.218086
203.744186
179.999020
201.233741
179.071991
198.028903
176.745061
196.189916
178.808299
194.879532
176.820600
192.538361
180.902807
190.583376
176.107146
188.742582
177.608323
185.664845
173.599869
184.697007
173.941103
183.444954
172.237070
181.078291
176.786504
180.163333
175.977447
177.831161
171.043675
176.011912
169.920403
173.650577
173.097007
174.291008
170.043893
171.406366
169.631749
168.915290
168.673975
167.972165
168.189719
166.821737
168.248669
165.100662
168.698986
164.058255
169.844404
163.036945
167.039966
160.855907
165.834553
159.480135
167.429651
159.077658
170.636557
157.950028
167.691259
155.827000
165.293333
154.014407
165.323634
153.456548
166.505361
152.080599
167.849805
151.198623
166.837035
149.673365
166.739397
148.114986
169.482548
147.494743
164.694410
146.501999
166.234437
145.128360
164.698267
143.053080
164.059151
141.667392
165.479156
141.854986
165.111195
141.364010
166.814493
139.022242
162.875457
138.290366
162.950478
136.383873
161.958962
135.679932
165.833048
134.653843
164.901390
133.476965
163.335777
133.290305
164.056516
131.971767
163.914556
179.657572