6420.648609
843.956242
3811.755770
2779.735678
1806.251875
1004.113447
1200.424380
674.884394
894.964983
565.801403
771.895593
474.055508
652.638962
632.753531
629.575833
406.272605
594.189966
396.654208
544.698069
369.373839
523.636124
355.207147
505.274942
343.065815
487.553951
332.229206
467.677498
327.588775
464.038663
321.269669
446.411445
311.330328
430.568329
311.911118
419.846676
303.370183
410.495957
293.468572
402.674806
289.971478
388.941513
285.680978
376.277199
303.652144
374.673526
279.902999
363.989675
286.183508
357.620787
270.754544
351.617013
269.233457
344.257079
264.370104
338.981033
261.354778
332.919347
258.055431
326.763077
259.495795
323.940512
262.164972
315.726967
251.175246
311.739400
267.688590
307.259374
254.364582
303.385398
245.115095
299.100807
243.971618
294.221348
240.995487
290.608938
241.492288
285.894660
238.182393
283.487085
236.162030
281.642113
234.603320
276.049461
236.374250
272.908095
232.317682
267.558703
230.255359
265.515443
228.346111
261.600746
228.797941
257.171113
227.615934
254.769789
225.872481
251.137672
224.088931
249.691264
224.325031
246.840181
221.466130
244.092885
219.486557
242.002774
225.843565
238.631012
219.049180
236.393691
218.537941
232.529817
218.103313
230.201932
217.036564
227.566106
216.830181
226.556332
216.450102
223.738120
215.670928
221.218520
214.757639
218.659756
241.417983
215.321389
214.560619
215.016512
211.903460
212.597714
211.209230
209.163609
211.883808
207.989613
211.603574
206.286784
211.950567
204.415746
209.465234
201.404658
208.462697
199.305801
208.477304
198.384933
206.979542
196.418694
208.421949
194.072123
206.938026
192.689471
208.062047
191.066245
206.680579
189.461601
206.809436
187.179790
206.767666
185.003474
207.120475
184.278656
205.544275
182.512785
204.367140
180.746452
205.668947
179.303151
205.065490
177.866882
205.728629
175.871233
203.808067
174.071315
204.355138
171.987916
206.588651
171.082659
205.788010
169.738713
203.683155
168.990743
203.667273
167.237743
202.840628
165.760676
203.003829
164.063106
202.040294
162.388999
204.020005
162.770383
203.938720
160.251753
203.566827
158.846467
203.669410
157.857511
208.813034
156.418486
201.586132
154.703598
206.174859
230.533518