50318.580727 
6462.949857
16834.530950 
1417.279921
4423.057818 
2378.632918
3379.024724 
2085.606154
2875.163671 
988.833436
2276.769058 
1739.622975
2147.319962 
1013.236885
1881.151096 
1502.326138
1614.035067 
714.950272
1523.831032 
1216.031848
1662.098305 
896.648890
1424.295977 
877.490145
1367.675860 
1356.548511
1217.001267 
923.624030
1155.542951 
672.993640
1001.823170 
713.347731
930.217351 
647.895688
882.640727 
626.572873
832.414297 
634.556503
804.598484 
589.291978
768.549934 
583.248080
730.688510 
586.909187
681.832927 
617.053761
620.623662 
488.501566
562.303405 
440.728597
500.572059 
465.570883
449.500110 
514.988260
418.992645 
520.757834
393.211203 
574.255455
373.758372 
593.385364
359.277561 
575.199279
342.670215 
568.925719
328.470034 
570.943103
317.172558 
558.000532
305.662575 
566.277219
298.121231 
533.523947
287.596914 
544.931722
279.275907 
588.443472
273.159310 
608.822607
265.779604 
557.804198
258.153650 
509.161248
252.225267 
591.051085
245.347507 
658.460103
240.583059 
538.146984
236.623697 
585.506968
230.587863 
622.686085
225.427408 
613.647136
221.478202 
639.155879
217.123935 
659.993892
213.263575 
622.093852
208.372266 
673.814258
204.639938 
725.624118
200.582265 
740.615342
196.411777 
922.432111
193.582325 
888.391848
190.484807 
912.006553
186.637583 
641.507752
185.042248 
605.423909
180.689199 
693.167266
177.522473 
776.918074
174.881625 
718.257550
171.898924 
882.503762
168.891925 
791.111612
166.775584 
1063.114305
163.824224 
765.552171
161.433144 
994.570147
159.796443 
825.099118
156.543308 
894.428396
154.573004 
975.371854
151.512136 
1182.196695
150.419698 
826.715059
148.846937 
796.681951
145.957012 
1151.403755
143.905292 
796.398866
142.269825 
828.670133
139.664891 
1013.725860
138.001435 
868.876112
136.058692 
777.997254
134.696220 
1250.552293
132.446320 
1027.596051
131.114924 
1434.434459
128.772161 
1050.415806
127.644724 
977.689913
126.114544 
935.722748
124.561414 
1024.086809
123.043844 
1065.214268
120.961569 
1353.681112
120.048360 
1363.103436
118.447983 
1544.001451
117.114023 
1257.721957
115.627149 
1452.424421
114.038095 
1549.349341
112.949787 
1588.967068
111.641389 
1582.946045
110.561192 
1398.949691
108.920112 
1398.928306
107.704250 
1082.530979
106.697992 
1026.507619
105.706275 
1734.429833
104.194812 
998.044727
1151.105320