0.200000
105059.016062 83248.660187 
5816.833268
142737.725178 111739.049897 
11845.013073
46164.248800 37791.075935 
12675.494510
44410.416816 37363.770367 
29807.539499
23723.087627 20941.839202 
18343.906567
28471.008131 25137.828021 
3599.820213
15835.130943 14402.393139 
2322.664632
13501.171522 12370.660202 
2628.376005
9333.824264 8548.457723 
4992.645879
7365.136012 6742.832337 
1245.730107
6838.424375 6267.152668 
7933.164606
6007.141914 5507.156267 
1825.523073
4122.746410 3787.887607 
2762.246860
4341.139394 3989.771897 
2878.413727
3655.109279 3353.775756 
1459.109822
3649.918872 3354.472493 
1074.806182
3922.251249 3605.600220 
1338.852963
4136.618068 3802.961633 
1180.822948
3268.994045 3005.462288 
1970.161518
3174.609743 2917.876949 
1429.274566
2915.679383 2678.088239 
1408.089651
2810.424576 2580.311496 
2553.345249
2381.340156 2189.513659 
1633.691610
2734.263611 2513.256039 
988.826468
2545.259592 2339.653260 
1939.440670
2501.969769 2299.569257 
747.282453
2759.235393 2537.116308 
2149.717671
2788.365645 2563.516811 
1362.334507
3043.955180 2798.629110 
1681.917762
2617.856194 2405.287503 
1132.747689
2638.108788 2422.394977 
918.953591
2427.519539 2231.995931 
849.923611
2607.482542 2396.534547 
891.754903
2760.490588 2537.782755 
776.086962
2538.007207 2333.576987 
3145.251551
2402.011967 2208.599967 
2004.701900
2179.887027 2004.195585 
1896.548754
2132.724692 1960.790902 
703.911209
2041.100206 1876.795911 
1240.813819
2059.490115 1893.549354 
694.781020
1921.373878 1766.477959 
752.743522
1856.344183 1706.971236 
705.885555
1818.143762 1670.959000 
890.650681
2042.560225 1878.080700 
944.504371
1835.785714 1687.995134 
779.163048
1780.011327 1635.844608 
1074.268056
1631.872891 1499.582822 
669.582984
1634.663059 1502.139938 
724.425550
1700.504124 1563.290773 
875.061047
1732.083534 1592.622090 
1648.302392
1340.965877 1232.910727 
728.333240
1282.646290 1179.407098 
749.070587
1428.909198 1313.864114 
701.222950
1527.379567 1404.401326 
774.763486
1357.245890 1248.035411 
686.926359
1171.149355 1076.908163 
660.186855
1075.985606 989.415092 
705.195851
1059.602729 974.313360 
672.224807
1260.579182 1159.108289 
1105.177151
1086.872968 999.357615 
781.223336
1129.330856 1038.436978 
973.750835
1080.632932 993.640133 
654.774561
1202.688942 1105.845755 
872.377156
1121.365820 1031.047578 
664.233602
980.199059 901.223517 
649.516236
998.863777 918.418225 
799.594751
993.222463 913.269163 
749.304209
1029.736357 946.871070 
668.817390
950.856315 874.389661 
626.144970
968.823315 890.907606 
724.131526
953.404691 876.712400 
648.986901
938.659013 863.238739 
633.077947
928.868823 854.317831 
615.650794
920.564962 846.666060 
621.251876
900.780513 828.593709 
617.981394
908.345183 835.574937 
630.203137
898.330987 826.474568 
623.119929
904.919581 832.604454 
636.897800
893.279072 821.972271 
603.654522
928.906331 854.801542 
649.241340
872.465754 802.943585 
629.994200
877.993619 808.228768 
594.398047
866.078055 797.250324 
590.261978
841.225275 774.557212 
583.058223
829.888024 764.160740 
601.711906
824.440975 759.237346 
579.610924
824.076198 758.914778 
582.550687
820.350682 755.698749 
563.701105
812.631499 748.896224 
566.376653
800.324845 737.787123 
569.959591
798.714797 736.551159 
555.738763
773.140801 713.278199 
557.742062
770.368907 710.872765 
526.842107
740.367146 683.453719 
515.768562
726.004454 670.258573 
488.420577
705.181861 651.011341 
492.509408
676.571099 624.711953 
478.270898
656.849067 606.488652 
460.438036
642.877510 593.636077 
465.584502
619.500963 572.197174 
445.351929
441.202425