0.400000
88359.882015 35117.385557 
6608.105083
79966.122160 27084.043255 
6931.864738
51003.278317 21522.617383 
2890.275049
165924.780967 58611.998888 
3631.577125
108608.118115 41650.017425 
4072.261009
144809.661394 45296.144183 
23483.235746
258919.530259 92039.924296 
6406.800945
168897.801851 69286.794681 
13283.199045
65768.690591 28810.314611 
3332.782320
39608.586364 19863.243990 
3536.377904
46570.381288 21909.101080 
7299.267163
40065.710122 21034.275637 
3496.411314
42624.417786 21627.128935 
28189.512069
28985.038535 16646.878131 
1920.886574
17817.240932 10887.884839 
2276.170611
13678.196148 9077.029231 
10721.522060
11546.984935 7519.705469 
4614.886055
8084.293085 5656.841969 
2832.543202
6713.508564 4536.180544 
2807.983933
5881.127059 4272.345940 
1547.521144
4295.149365 3191.983460 
887.941489
4343.807085 3313.743465 
1328.692788
3646.831579 2737.600962 
799.565738
3813.224453 2887.237362 
907.203271
3474.833909 2773.226264 
1094.147375
3271.344271 2602.226099 
1600.970824
3430.411658 2662.682120 
1075.577043
3319.129570 2517.228646 
699.426959
2699.268976 2210.911016 
1363.164889
2197.980022 1821.858665 
1413.505174
2407.294289 2016.804464 
827.791079
1930.005892 1626.637319 
969.499705
2247.465138 1898.112368 
1141.483827
1964.378451 1656.618080 
1357.693883
1894.147655 1597.474433 
1054.724821
2084.460904 1757.509678 
816.878470
1924.458230 1624.526716 
1028.295493
2069.282452 1748.873903 
943.980436
1855.475533 1568.663411 
695.020615
1868.285310 1577.014832 
858.446144
1969.208025 1664.140177 
1651.043857
1957.821559 1654.008315 
837.881678
2148.499831 1814.885717 
769.537283
2112.832177 1783.154409 
979.218538
1923.578988 1616.996927 
1370.856938
1616.985233 1365.609914 
694.406322
1915.124964 1618.265621 
1351.715779
1682.582618 1422.423876 
727.092940
1532.311139 1294.942119 
709.140773
1138.245872 961.735753 
686.030855
1523.414818 1286.804256 
758.659280
1506.621401 1272.918525 
779.299591
1538.845539 1300.729866 
684.112639
1269.786541 1073.118003 
700.938074
1387.333309 1172.610850 
1095.793798
1597.709314 1350.516199 
1605.384915
1516.221709 1281.849605 
834.641982
1348.552494 1140.076082 
757.027697
1220.089674 1031.162106 
677.290631
1307.848287 1104.784972 
711.915645
1637.025449 1382.697626 
800.021110
1349.635527 1140.899855 
791.151413
1297.368856 1096.809293 
981.372488
1561.966965 1320.458178 
728.005967
1400.075141 1183.676072 
719.291146
1246.908803 1054.094165 
710.616005
1170.457631 989.596833 
720.282877
1102.069637 931.716589 
722.525401
1142.520745 965.992916 
749.872016
1406.644173 1188.182993 
676.025671
1093.097057 924.064961 
716.911381
1105.406756 934.578046 
681.155534
1107.796083 936.541209 
734.164126
1394.210414 1178.220734 
680.398066
1172.476128 991.050851 
713.174203
1098.266898 928.414693 
700.988301
1129.020356 954.246792 
690.675281
1082.547822 914.853580 
691.814309
1100.779822 930.582688 
709.271029
1153.068859 974.380567 
687.537736
1316.097291 1112.598302 
718.425565
1086.066169 918.326841 
687.518614
1081.371009 914.102145 
688.524805
1100.696771 930.234358 
675.147610
1086.407406 918.561676 
679.873263
1081.035256 913.888257 
673.335562
1254.506507 1060.595180 
691.815229
1115.127939 942.808854 
667.608281
1065.002558 900.318379 
678.587986
1060.339522 896.486101 
676.739269
1106.238860 935.266992 
681.646935
1071.882952 906.286076 
683.271208
1062.790834 898.546685 
668.405452
1065.126745 900.468973 
668.461145
1135.010159 959.655876 
712.204375
1064.397168 899.428479 
668.224603
1128.137105 953.670904 
668.789909
1087.589783 919.466612 
666.960497
1136.624416 960.733902 
690.125123
1045.369674 883.825502 
683.947258
642.891319