0.600000
123950.788267 22761.402243 
3121.687320
294459.998698 32673.260445 
1704.269220
584024.503409 55577.376130 
1911.346959
181720.219014 32027.151583 
7438.772152
133954.442821 24062.080004 
8345.124195
110335.771237 22691.150618 
4098.451849
45489.463585 12552.113033 
1566.496309
46291.975452 13198.233776 
9694.062597
25042.560137 8416.884893 
5078.846485
15482.125698 5778.442779 
5538.324643
15286.082201 5884.690526 
3344.290614
20884.656486 6614.583169 
975.982314
15030.715829 5725.665107 
1897.055064
11650.521296 4886.292395 
3210.948794
9554.076056 4174.336039 
3291.060316
9146.098254 3737.182505 
1231.908381
12356.457396 4941.889165 
1661.697721
9039.987951 3564.990659 
5533.503989
6349.787104 3039.142011 
1483.585049
5137.665222 2327.305702 
1117.915047
4532.444386 2588.264920 
2591.547813
3849.967196 2157.151867 
1422.177478
4085.140911 2287.603706 
973.328493
5116.392260 2528.606020 
707.863095
5418.968612 2733.623829 
869.230199
4723.561082 2501.384076 
714.108399
3791.835796 2084.677589 
826.475084
2824.331077 1726.696972 
2427.711132
3414.344264 2098.164092 
742.977807
3318.970876 1895.244501 
937.806777
3359.508669 2060.499690 
1093.597590
3339.327577 1942.911916 
768.093966
2941.190127 1842.122688 
718.012680
3036.169616 1821.034867 
1106.878203
3183.894179 1845.693657 
729.634451
2715.228894 1631.474284 
776.436042
2816.201915 1746.636818 
1063.899743
2948.116629 1724.768087 
826.495502
3058.041288 1822.327314 
1174.362451
2700.123789 1845.002850 
1512.987790
2129.975836 1354.139182 
1201.412322
2476.079308 1481.665943 
704.308842
2181.934602 1588.963967 
764.188345
2260.333418 1565.783531 
869.074185
1956.725320 1402.448103 
716.586887
1884.102963 1405.544938 
1234.990649
1793.935173 1319.489744 
783.127643
1991.911160 1496.841623 
1250.900599
1981.740832 1379.604491 
1825.454189
1922.253895 1433.708723 
686.836345
1639.022239 1170.296214 
742.394129
1846.353847 1376.664049 
854.979888
1575.524304 1213.367857 
856.196457
1607.878216 1230.321780 
764.279702
1421.815988 1074.494480 
694.128773
1373.690312 1058.573770 
698.058997
1319.946924 1013.981060 
768.252500
1528.023799 1176.006903 
709.846448
1599.004979 1214.306474 
685.356743
1681.399231 1290.471678 
936.423119
1731.058026 1270.982615 
728.809846
1496.528483 1131.025045 
997.152342
1565.169072 1207.118895 
805.998944
1325.791090 1023.712384 
682.046313
1619.279602 1235.992277 
1716.945852
1479.532020 1146.091953 
710.527564
1507.589673 1157.624012 
830.337320
1274.944215 987.172014 
678.213283
1187.798614 920.642640 
808.943772
1206.087399 933.834405 
674.443515
1273.246860 987.033988 
672.499869
1458.678568 1128.777395 
756.970352
1367.414928 1055.663081 
711.940309
1370.912908 1062.071315 
737.782399
1465.195093 1130.686522 
673.720569
1281.966687 994.350333 
674.493204
1206.485243 935.597006 
666.547771
1389.928986 1056.515649 
976.701240
1299.824412 995.758814 
675.306801
1280.633565 969.208595 
713.032455
1230.264463 949.665189 
676.809192
1413.829110 1087.726962 
726.897591
1300.530281 1007.811990 
783.932383
1400.594177 1084.529544 
681.613219
1187.807711 920.844661 
671.360326
1203.462111 934.246049 
673.330055
1200.054060 926.554497 
669.075082
1237.187371 956.967533 
680.033276
1188.045139 922.097901 
678.977889
1212.564843 937.821770 
706.140123
1155.958373 896.069837 
668.384723
1175.515407 910.093086 
764.566848
1275.611410 985.748847 
671.006226
1176.466808 912.476744 
674.703912
1226.748042 942.837411 
681.581437
1212.376237 939.285857 
726.594602
1157.424210 898.611385 
694.730066
1210.090748 935.398621 
698.361595
1359.043823 1053.733652 
691.213182
1191.253449 923.139945 
684.287272
643.726113