53777.858108 
23648.237320
31770.416550 
1513.311213
9448.329024 
6800.138214
3877.239353 
872.178985
3741.650451 
941.626894
2923.324246 
1392.955805
2318.907690 
1636.942861
2041.679182 
720.968373
1738.901434 
1018.177164
1587.168064 
715.574112
1473.970201 
1226.638337
1255.666888 
794.627035
1281.304748 
869.632092
1045.510776 
675.345819
991.138931 
650.390627
916.103340 
711.213509
868.767572 
694.405237
837.201402 
676.653802
816.190178 
610.016431
802.635611 
608.988997
762.962843 
554.841168
698.719347 
521.538706
624.642187 
461.733045
566.546689 
442.702591
503.791272 
447.742128
451.913603 
464.077243
425.547125 
451.499192
400.158159 
463.579036
380.808460 
458.153635
364.741753 
499.083749
346.060635 
455.727543
335.824531 
465.847773
321.452957 
469.607971
312.853919 
468.998323
300.566117 
457.248356
291.894448 
449.523161
283.807757 
469.048545
274.888530 
454.659692
268.366263 
455.848987
261.145242 
429.160714
254.720504 
456.058193
248.383863 
425.205993
244.672768 
414.416932
237.779789 
432.580971
232.994414 
428.658348
228.440826 
426.989341
223.036637 
433.120340
219.109901 
435.468762
214.019476 
404.649721
210.482593 
427.065723
206.120006 
438.327809
202.277042 
422.221440
198.370315 
429.680503
195.284622 
435.089710
191.852234 
460.710446
188.233033 
430.882663
184.759080 
393.675232
182.306559 
420.287373
179.611374 
396.208299
176.526573 
442.668258
174.199066 
443.527164
170.997873 
424.809136
168.080112 
434.661241
165.375433 
402.434574
162.432998 
391.158247
160.326497 
403.797555
158.044991 
426.369660
155.972056 
391.390128
154.050478 
423.743658
151.692035 
401.462756
149.335505 
403.062357
147.020975 
412.609634
145.394025 
430.000700
143.031965 
402.114992
141.092294 
436.701220
139.419815 
410.279308
137.940161 
431.118759
135.533682 
427.298433
133.869674 
445.927047
131.884694 
432.306784
130.124061 
427.436581
129.373981 
445.756098
126.553055 
425.061284
125.608569 
454.784383
124.100957 
436.609178
122.373338 
426.110429
120.601805 
436.098145
119.031754 
459.336715
117.738038 
450.627422
116.146441 
457.264384
115.376614 
453.973058
113.903356 
432.660237
112.260632 
452.001473
111.121523 
440.677042
108.784209 
453.834661
108.108757 
443.746798
107.128536 
443.913351
105.788804 
449.063935
104.880901 
463.877701
103.635040 
449.528237
436.056144